2528	1199	4793	2832	0	0	0	0	1790892234016
2496	1176	4811	2832	0	0	0	0	1790892235369
2503	1186	4802	2845	0	0	0	0	1790892236727
2515	1205	4761	2858	0	0	0	0	1790892238071
2483	1200	4782	0	0	0	0	0	1790892239455
2495	1181	4781	2832	0	0	0	0	1790892240769
2484	0	4812	2840	0	0	0	0	1790892242099
2492	1178	4804	0	0	0	0	0	1790892243446
2488	1193	0	2807	0	0	0	0	1790892244767
2480	1186	4826	2813	0	0	0	0	1790892246076
2480	1190	4830	2836	0	0	0	0	1790892247444
2486	1199	4797	2818	0	0	0	0	1790892248788
2484	0	4761	2826	0	0	0	0	1790892250116
2498	1204	4777	2837	0	0	0	0	1790892251220
2492	1177	4780	2830	0	0	0	0	1790892252297
2473	1192	4760	2832	0	0	0	0	1790892253398
2486	1190	4765	2839	0	0	0	0	1790892254496
2487	1202	4783	2814	0	0	0	0	1790892255608
2495	1206	4752	2839	0	0	0	0	1790892256886
2490	1200	4758	2822	0	0	0	0	1790892258236
2494	1181	4772	2836	0	0	0	0	1790892259638
2487	1200	4768	2806	0	0	0	0	1790892260980
2488	1207	0	2813	0	0	0	0	1790892262281
2491	1146	4798	2820	0	0	0	0	1790892263606
2493	1171	4754	2802	0	0	0	0	1790892264946
2493	1184	4759	2808	0	0	0	0	1790892266296
2461	1178	4783	0	0	0	0	0	1790892267616
2474	1190	4806	2834	0	0	0	0	1790892268950
2466	1201	4787	2840	0	0	0	0	1790892270272
2475	1196	4800	2831	0	0	0	0	1790892271606
2479	1170	4749	2839	0	0	0	0	1790892272976
2484	0	4770	2825	0	0	0	0	1790892274169
2484	1178	4776	2823	0	0	0	0	1790892275240
2491	1186	4779	2829	0	0	0	0	1790892276321
2485	1197	4779	2826	0	0	0	0	1790892277396
2486	1201	4740	2768	0	0	0	0	1790892278605
2489	1202	4741	2817	0	0	0	0	1790892279948
2472	1184	4753	2821	0	0	0	0	1790892281301
2490	1206	4763	2829	0	0	0	0	1790892282677
2466	1188	0	2838	0	0	0	0	1790892283956
2471	1163	4762	2797	0	0	0	0	1790892285182
2486	1187	4769	2812	0	0	0	0	1790892286592
2471	1192	4790	2812	0	0	0	0	1790892287938
2476	1197	4795	2826	0	0	0	0	1790892289270
2486	1204	4766	0	0	0	0	0	1790892290490
2468	1216	4779	2818	0	0	0	0	1790892291732
2477	1219	4787	2837	0	0	0	0	1790892293051
2477	1180	4773	2844	0	0	0	0	1790892294411
2463	1189	4773	2815	0	0	0	0	1790892295777
2490	0	4771	2826	0	0	0	0	1790892297044
2471	1190	4756	2810	0	0	0	0	1790892298136
2472	1200	4719	2816	0	0	0	0	1790892299233
2486	1177	4737	2832	0	0	0	0	1790892300300
2476	1198	4745	2816	0	0	0	0	1790892301549
2488	1168	4764	2813	0	0	0	0	1790892302934
2491	1182	4780	2816	0	0	0	0	1790892304247
2468	1187	4776	2800	0	0	0	0	1790892305614
2483	1189	0	2824	0	0	0	0	1790892306829
2478	1180	4762	2821	0	0	0	0	1790892308107
2488	1185	4763	2803	0	0	0	0	1790892309439
2489	1193	4779	2822	0	0	0	0	1790892310784
2495	1195	4805	2798	0	0	0	0	1790892312149
2471	1197	4796	0	0	0	0	0	1790892313390
2479	1200	4737	2820	0	0	0	0	1790892314600
2481	1195	4761	2835	0	0	0	0	1790892315970
2479	1197	4762	2815	0	0	0	0	1790892317323
2479	1201	4762	2803	0	0	0	0	1790892318677
2471	0	4765	2828	0	0	0	0	1790892319953
2480	1176	4747	2821	0	0	0	0	1790892321040
2464	1189	4738	2813	0	0	0	0	1790892322155
2473	1178	4752	2789	0	0	0	0	1790892323221
2488	1192	4752	2817	0	0	0	0	1790892324522
2489	1192	4773	2818	0	0	0	0	1790892325865
2477	1192	4758	2832	0	0	0	0	1790892327199
2487	1186	4745	2822	0	0	0	0	1790892328557
2482	1193	0	2812	0	0	0	0	1790892329771
2491	1199	4775	2827	0	0	0	0	1790892330946
2473	1186	4779	2814	0	0	0	0	1790892332279
2475	1197	4757	2814	0	0	0	0	1790892333645
2475	1201	4744	2830	0	0	0	0	1790892334987
2479	1203	4760	0	0	0	0	0	1790892336320
2480	1174	4778	2836	0	0	0	0	1790892337525
2484	1188	4722	2827	0	0	0	0	1790892338828
2477	1173	4724	2829	0	0	0	0	1790892340176
2478	1184	4736	2807	0	0	0	0	1790892341538
2486	1174	4707	2771	0	0	0	0	1790892342850
2482	0	4701	2801	0	0	0	0	1790892343952
2488	1190	4732	2807	0	0	0	0	1790892345066
2475	1181	4723	2829	0	0	0	0	1790892346154
2472	1189	4746	2849	0	0	0	0	1790892347459
2486	1174	4764	2814	0	0	0	0	1790892348814
2491	1189	4760	2831	0	0	0	0	1790892350157
2476	1172	4712	2776	0	0	0	0	1790892351466
2483	1180	0	2818	0	0	0	0	1790892352704
2487	1180	4740	2805	0	0	0	0	1790892353804
2463	1192	4735	2809	0	0	0	0	1790892355150
2474	1194	4745	2830	0	0	0	0	1790892356500
2466	1205	4752	2839	0	0	0	0	1790892357872
2474	1185	4759	2818	0	0	0	0	1790892359244
2475	1183	4766	0	0	0	0	0	1790892360374
2479	1186	4752	2814	0	0	0	0	1790892361710
2482	1194	4699	2832	0	0	0	0	1790892363051
2488	1193	4720	2770	0	0	0	0	1790892364375
2476	1205	4731	2791	0	0	0	0	1790892365801
2488	0	4714	2817	0	0	0	0	1790892366933
2469	1199	4742	2815	0	0	0	0	1790892368022
2471	1211	4756	2812	0	0	0	0	1790892369152
2483	1186	4748	2786	0	0	0	0	1790892370480
2476	1186	4753	2787	0	0	0	0	1790892371809
2486	1171	4769	2802	0	0	0	0	1790892373200
2470	1183	0	2823	0	0	0	0	1790892374571
2474	1170	4717	2824	0	0	0	0	1790892375694
2478	1178	4733	2846	0	0	0	0	1790892376805
2475	1179	4751	2857	0	0	0	0	1790892378189
2469	1187	4764	2808	0	0	0	0	1790892379563
2472	1169	4757	2824	0	0	0	0	1790892380913
2479	1189	4757	0	0	0	0	0	1790892382253
2479	1171	4695	2821	0	0	0	0	1790892383311
2484	1179	4716	2824	0	0	0	0	1790892384587
2464	1197	4719	2808	0	0	0	0	1790892385920
2477	1195	4684	2807	0	0	0	0	1790892387329
2482	1201	4690	2821	0	0	0	0	1790892388661
2489	0	4711	2833	0	0	0	0	1790892389879
2474	1195	4730	2809	0	0	0	0	1790892390958
2466	1205	4742	2813	0	0	0	0	1790892392195
2476	1180	4717	2818	0	0	0	0	1790892393538
2481	1181	4694	2842	0	0	0	0	1790892394877
2486	1187	4728	2815	0	0	0	0	1790892396238
2467	1177	0	2815	0	0	0	0	1790892397517
2480	1192	4746	2824	0	0	0	0	1790892398621
2462	1162	4725	2836	0	0	0	0	1790892399714
2472	1179	4752	2821	0	0	0	0	1790892401063
2473	1182	4769	2799	0	0	0	0	1790892402406
2479	1197	4707	2813	0	0	0	0	1790892403740
2481	1194	4713	2794	0	0	0	0	1790892405153
2478	1183	4677	0	0	0	0	0	1790892406239
2487	1197	4682	2800	0	0	0	0	1790892407443
2483	1197	4695	2801	0	0	0	0	1790892408839
2485	1201	4717	2756	0	0	0	0	1790892410178
2476	1182	4721	2790	0	0	0	0	1790892411522
2481	0	4723	2804	0	0	0	0	1790892412835
2477	1199	4724	2804	0	0	0	0	1790892413890
2484	1185	4690	2800	0	0	0	0	1790892415194
2486	1183	4709	2803	0	0	0	0	1790892416600
2486	1186	4712	2817	0	0	0	0	1790892417890
2484	1172	4699	2800	0	0	0	0	1790892419203
2474	1184	0	2819	0	0	0	0	1790892420451
2477	1178	4711	2818	0	0	0	0	1790892421526
2473	1191	4742	2828	0	0	0	0	1790892422626
2474	1197	4714	2794	0	0	0	0	1790892423926
2474	1199	4705	2812	0	0	0	0	1790892425260
2476	1187	4722	2791	0	0	0	0	1790892426662
2484	1190	4724	2813	0	0	0	0	1790892428004
2483	1174	4670	0	0	0	0	0	1790892429164
2487	1190	4687	2819	0	0	0	0	1790892430349
2458	1176	4709	2842	0	0	0	0	1790892431692
2465	1191	4722	2847	0	0	0	0	1790892433018
2477	1194	4697	2848	0	0	0	0	1790892434390
2485	0	4701	2785	0	0	0	0	1790892435712
2492	1184	4719	2761	0	0	0	0	1790892436834
2484	1148	4716	2782	0	0	0	0	1790892438180
2474	1165	4712	2792	0	0	0	0	1790892439552
2477	1149	4725	2795	0	0	0	0	1790892440899
2480	1161	4735	2823	0	0	0	0	1790892442278
2478	1184	0	2825	0	0	0	0	1790892443384
2478	1186	4690	2803	0	0	0	0	1790892444454
2454	1192	4694	2821	0	0	0	0	1790892445568
2459	1191	4706	2791	0	0	0	0	1790892446820
2470	1202	4667	2798	0	0	0	0	1790892448193
2468	1199	4688	2820	0	0	0	0	1790892449540
2478	1213	4695	2836	0	0	0	0	1790892450857
2479	1176	4701	0	0	0	0	0	1790892452098
2474	1190	4680	2817	0	0	0	0	1790892453317
2482	1194	4678	2803	0	0	0	0	1790892454691
2462	1191	4686	2818	0	0	0	0	1790892456001
2474	1168	4707	2816	0	0	0	0	1790892457345
2476	0	4714	2747	0	0	0	0	1790892458637
2460	1175	4710	2784	0	0	0	0	1790892459810
2478	1188	4732	2794	0	0	0	0	1790892461195
2475	1196	4743	2805	0	0	0	0	1790892462541
2479	1193	4706	2826	0	0	0	0	1790892463874
2471	1197	0	2817	0	0	0	0	1790892465195
2471	1201	4706	2838	0	0	0	0	1790892466275
2474	1181	4713	2811	0	0	0	0	1790892467362
2476	1200	4686	2808	0	0	0	0	1790892468452
2478	1205	4693	2808	0	0	0	0	1790892469738
2472	1165	4692	2822	0	0	0	0	1790892471105
2473	1187	4676	2824	0	0	0	0	1790892472525
2473	1187	4678	2840	0	0	0	0	1790892473879
2479	1197	4688	0	0	0	0	0	1790892474999
2479	1200	4645	2842	0	0	0	0	1790892476063
2479	1207	4656	2847	0	0	0	0	1790892477400
2478	1181	4675	2807	0	0	0	0	1790892478776
2474	1175	4649	2823	0	0	0	0	1790892480152
2481	1197	4679	2806	0	0	0	0	1790892481494
2482	1188	0	2821	0	0	0	0	1790892482774
2472	1189	4721	2826	0	0	0	0	1790892484120
2479	1191	4701	2816	0	0	0	0	1790892485419
2485	1193	4709	2840	0	0	0	0	1790892486777
2469	0	4714	2790	0	0	0	0	1790892488079
2471	1186	4663	2796	0	0	0	0	1790892489178
2476	1191	4676	2804	0	0	0	0	1790892490264
2477	1204	4693	2834	0	0	0	0	1790892491491
2475	1188	4625	2809	0	0	0	0	1790892492819
2466	1180	4668	2831	0	0	0	0	1790892494167
2474	1176	4652	2847	0	0	0	0	1790892495575
2472	1179	4628	0	0	0	0	0	1790892496796
2473	1189	4652	2799	0	0	0	0	1790892497914
2476	1199	4677	2810	0	0	0	0	1790892499140
2481	1173	4675	2827	0	0	0	0	1790892500496
2484	1178	4700	2771	0	0	0	0	1790892501902
2486	1190	4685	2802	0	0	0	0	1790892503212
2479	1182	0	2824	0	0	0	0	1790892504462
2477	1185	4690	2800	0	0	0	0	1790892505623
2479	1180	4714	2804	0	0	0	0	1790892507014
2468	1191	4720	2823	0	0	0	0	1790892508317
2472	1171	4686	2778	0	0	0	0	1790892509658
2474	1192	4704	2810	0	0	0	0	1790892510990
2476	0	4704	2812	0	0	0	0	1790892512108
2472	1178	4713	2801	0	0	0	0	1790892513196
2481	1183	4665	2840	0	0	0	0	1790892514477
2483	1188	4666	2850	0	0	0	0	1790892515905
2472	1198	4670	2776	0	0	0	0	1790892518397
2473	1190	4642	2799	0	0	0	0	1790892521371
2473	1207	4658	0	0	0	0	0	1790892521767
2479	1180	4660	2821	0	0	0	0	1790892522111
2479	1182	4666	2799	0	0	0	0	1790892522542
2479	1187	4668	2742	0	0	0	0	1790892523472
2480	1190	4689	2782	0	0	0	0	1790892524795
2474	1198	4678	2798	0	0	0	0	1790892526211
2486	1201	0	2807	0	0	0	0	1790892527342
2490	1184	4684	2820	0	0	0	0	1790892528583
2464	1188	4655	2807	0	0	0	0	1790892529900
2475	1188	4679	2813	0	0	0	0	1790892531260
2464	1192	4636	2809	0	0	0	0	1790892532567
2471	0	4654	2824	0	0	0	0	1790892533923
2477	1182	4657	2814	0	0	0	0	1790892534992
2459	1187	4643	2818	0	0	0	0	1790892536078
2461	1194	4640	2829	0	0	0	0	1790892537336
2473	1185	4642	2838	0	0	0	0	1790892538637
2462	1188	4654	2831	0	0	0	0	1790892539961
2470	1162	4621	2794	0	0	0	0	1790892541268
2477	1180	4644	2801	0	0	0	0	1790892542616
2463	1175	4665	0	0	0	0	0	1790892543768
2478	1185	4675	2804	0	0	0	0	1790892545123
2466	1188	4671	2811	0	0	0	0	1790892546484
2474	1168	4651	2820	0	0	0	0	1790892547823
2486	1174	0	2796	0	0	0	0	1790892549143
2474	1194	4655	2802	0	0	0	0	1790892550269
2460	1209	4631	2814	0	0	0	0	1790892551356
2467	1189	4641	2787	0	0	0	0	1790892552653
2474	1194	4661	2789	0	0	0	0	1790892553980
2471	1206	4682	2806	0	0	0	0	1790892555354
2471	1176	4648	2807	0	0	0	0	1790892556697
2462	0	4628	2797	0	0	0	0	1790892557888
2474	1193	4636	2822	0	0	0	0	1790892559002
2453	1193	4642	2807	0	0	0	0	1790892560239
2463	1190	4624	2808	0	0	0	0	1790892561562
2473	1195	4627	2811	0	0	0	0	1790892562875
2477	1160	4636	2811	0	0	0	0	1790892564242
2474	1185	4645	0	0	0	0	0	1790892565522
2466	1164	4665	2782	0	0	0	0	1790892566798
2474	1175	4670	2802	0	0	0	0	1790892568142
2483	1178	4626	2812	0	0	0	0	1790892569478
2478	1178	4641	2806	0	0	0	0	1790892570893
2474	1197	0	2808	0	0	0	0	1790892572099
2476	1181	4641	2792	0	0	0	0	1790892573197
2458	1192	4664	2791	0	0	0	0	1790892574296
2466	1202	4643	2796	0	0	0	0	1790892575589
2473	1177	4645	2802	0	0	0	0	1790892576901
2468	1184	4661	2820	0	0	0	0	1790892578242
2458	1196	4626	2833	0	0	0	0	1790892579559
2452	0	4643	2813	0	0	0	0	1790892580817
2463	1201	4616	2815	0	0	0	0	1790892581906
2471	1185	4628	2837	0	0	0	0	1790892583086
2465	1196	4639	2819	0	0	0	0	1790892584426
2452	1196	4635	2782	0	0	0	0	1790892585811
2471	1200	4656	2802	0	0	0	0	1790892587201
2466	1182	4656	0	0	0	0	0	1790892588464
2472	1188	4635	2785	0	0	0	0	1790892589752
2478	1198	4644	2787	0	0	0	0	1790892591107
2455	1187	4652	2801	0	0	0	0	1790892592462
2475	1179	4644	2797	0	0	0	0	1790892593788
2461	1163	0	2789	0	0	0	0	1790892595026
2465	1179	4670	2809	0	0	0	0	1790892596103
2473	1188	4681	2801	0	0	0	0	1790892597202
2469	1164	4665	2815	0	0	0	0	1790892598542
2453	1182	4611	2813	0	0	0	0	1790892599854
2468	1185	4628	2826	0	0	0	0	1790892601219
2473	1190	4641	2776	0	0	0	0	1790892602575
2466	0	4572	2773	0	0	0	0	1790892603736
2466	1201	4600	2781	0	0	0	0	1790892604814
2468	1191	4600	2773	0	0	0	0	1790892606095
2462	1177	4611	2801	0	0	0	0	1790892607442
2470	1165	4621	2823	0	0	0	0	1790892608827
2472	1187	4599	2805	0	0	0	0	1790892610162
2473	1188	4601	0	0	0	0	0	1790892611378
2473	1189	4635	2806	0	0	0	0	1790892612699
2482	1194	4646	2778	0	0	0	0	1790892614046
2470	1177	4662	2791	0	0	0	0	1790892615378
2476	1181	4670	2810	0	0	0	0	1790892616745
2466	1188	0	2809	0	0	0	0	1790892617965
2464	1175	4657	2796	0	0	0	0	1790892619044
2464	1182	4658	2809	0	0	0	0	1790892620163
2454	1189	4654	2828	0	0	0	0	1790892621380
2463	1175	4651	2814	0	0	0	0	1790892622735
2465	1184	4622	2830	0	0	0	0	1790892624105
2467	1198	4600	2815	0	0	0	0	1790892625428
2463	0	4592	2815	0	0	0	0	1790892626726
2463	1187	4607	2822	0	0	0	0	1790892627824
2467	1178	4608	2800	0	0	0	0	1790892629037
2472	1173	4592	2820	0	0	0	0	1790892630361
2454	1192	4579	2812	0	0	0	0	1790892631695
2469	1192	4593	2822	0	0	0	0	1790892633063
2463	1189	0	2779	0	0	0	0	1790892634447
2466	1180	4615	0	0	0	0	0	1790892635783
2478	1190	4619	2778	0	0	0	0	1790892637127
2465	1160	4646	2805	0	0	0	0	1790892638480
2467	1174	4618	2802	0	0	0	0	1790892639801
2475	1182	0	2778	0	0	0	0	1790892640896
2449	1190	4629	2802	0	0	0	0	1790892642002
2459	1194	4595	2814	0	0	0	0	1790892643056
2447	1207	4608	2802	0	0	0	0	1790892644343
2459	1184	4615	2768	0	0	0	0	1790892645678
2467	1196	4594	2782	0	0	0	0	1790892647012
2455	1186	4604	2768	0	0	0	0	1790892648377
2464	0	4611	2785	0	0	0	0	1790892649608
2468	1183	4568	2811	0	0	0	0	1790892650766
2470	1189	4565	2807	0	0	0	0	1790892652102
2468	1178	4586	2815	0	0	0	0	1790892653439
2463	1189	4586	2798	0	0	0	0	1790892654736
2470	1186	4592	2772	0	0	0	0	1790892656090
2471	1204	0	2776	0	0	0	0	1790892657434
2458	1185	4617	2787	0	0	0	0	1790892658777
2463	1186	4613	0	0	0	0	0	1790892660142
2466	1192	0	2805	0	0	0	0	1790892661458
2463	1187	4631	0	0	0	0	0	1790892662692
2465	1187	4585	2823	0	0	0	0	1790892663789
2467	1200	4625	2795	0	0	0	0	1790892664883
2469	1208	4575	2807	0	0	0	0	1790892665960
2456	1198	4600	2795	0	0	0	0	1790892667167
2457	1198	4602	2797	0	0	0	0	1790892668505
2462	1187	4606	2802	0	0	0	0	1790892669884
2466	1201	4564	2827	0	0	0	0	1790892671215
2457	0	4590	2782	0	0	0	0	1790892672531
2463	1187	4599	2807	0	0	0	0	1790892673754
2473	1193	4612	2815	0	0	0	0	1790892675102
2465	1181	4629	2802	0	0	0	0	1790892676497
2472	1200	4584	2771	0	0	0	0	1790892677806
2457	1187	0	2775	0	0	0	0	1790892679079
2460	1183	4603	2776	0	0	0	0	1790892680378
2470	1179	4613	2792	0	0	0	0	1790892681723
2450	1184	4589	2810	0	0	0	0	1790892683068
2459	1186	4590	2805	0	0	0	0	1790892684420
2460	1196	4592	0	0	0	0	0	1790892685607
2441	1183	4606	2800	0	0	0	0	1790892686665
2458	1202	4589	2817	0	0	0	0	1790892687780
2466	1202	4603	2791	0	0	0	0	1790892688839
2444	1187	4604	2806	0	0	0	0	1790892690043
2458	1174	4548	2799	0	0	0	0	1790892691395
2451	1186	4572	2817	0	0	0	0	1790892692731
2455	1187	4545	2786	0	0	0	0	1790892694109
2465	0	4571	2798	0	0	0	0	1790892695422
2457	1194	4580	2791	0	0	0	0	1790892696700
2466	1166	4587	2744	0	0	0	0	1790892698063
2476	1183	4592	2782	0	0	0	0	1790892699408
2474	1144	4595	2787	0	0	0	0	1790892700709
2469	1159	0	2778	0	0	0	0	1790892701965
2472	1170	4614	2794	0	0	0	0	1790892703267
2458	1185	4615	2813	0	0	0	0	1790892704666
2466	1198	4613	2794	0	0	0	0	1790892706009
2463	1181	4629	2805	0	0	0	0	1790892707365
2460	1177	4621	0	0	0	0	0	1790892708526
2465	1169	4606	2818	0	0	0	0	1790892709593
2447	1174	4587	2816	0	0	0	0	1790892710684
2451	1184	4574	2826	0	0	0	0	1790892711770
2461	1176	4575	2817	0	0	0	0	1790892712866
