3654	1923	2434	6309	0	0	0	0	1787346767643
3656	1907	2454	6341	0	0	0	0	1787346769006
3635	1909	2459	6337	0	0	0	0	1787346770312
3727	1948	2516	0	0	0	0	0	1787346772144
3803	1953	2460	6475	0	0	0	0	1787346773136
3709	1930	2495	6467	0	0	0	0	1787346774153
3735	1960	2563	6539	0	0	0	0	1787346775157
3810	1982	2520	6352	0	0	0	0	1787346776172
3825	1930	2548	6568	0	0	0	0	1787346777179
3700	1916	2544	6542	0	0	0	0	1787346778170
3760	1996	2563	6369	0	0	0	0	1787346779184
3661	1929	2538	6467	0	0	0	0	1787346780185
3662	1991	2493	6372	0	0	0	0	1787346781184
3766	1984	2580	6579	0	0	0	0	1787346782186
3747	1995	2543	6644	0	0	0	0	1787346783185
3727	1982	2489	6587	0	0	0	0	1787346784193
3801	1944	2510	6632	0	0	0	0	1787346785184
3730	1953	2493	6628	0	0	0	0	1787346786202
3718	1914	2478	6390	0	0	0	0	1787346787214
3704	1968	2537	6585	0	0	0	0	1787346788217
3746	1934	2527	6494	0	0	0	0	1787346789232
3828	1955	2559	6541	0	0	0	0	1787346790245
3681	1926	2466	6396	0	0	0	0	1787346791260
3759	1916	2547	6382	0	0	0	0	1787346792251
3735	1917	2567	6629	0	0	0	0	1787346793264
3704	1982	2538	6643	0	0	0	0	1787346794263
3685	1913	2507	6503	0	0	0	0	1787346795264
3663	1990	2523	6575	0	0	0	0	1787346796266
3752	1925	2509	6404	0	0	0	0	1787346797275
3749	1990	2566	6600	0	0	0	0	1787346798261
3764	1988	2548	6491	0	0	0	0	1787346799264
3823	1991	2580	6521	0	0	0	0	1787346800266
3797	1925	2539	6343	0	0	0	0	1787346801264
3770	1917	2552	6400	0	0	0	0	1787346803232
3803	1917	2554	6406	0	0	0	0	1787346804234
3721	1911	2476	6517	0	0	0	0	1787346805230
3792	1966	2470	6615	0	0	0	0	1787346806234
3778	1970	2486	6420	0	0	0	0	1787346807246
3677	1994	2527	6552	0	0	0	0	1787346808251
3665	1961	2466	6571	0	0	0	0	1787346809248
3669	1981	2522	6505	0	0	0	0	1787346810245
3731	1969	2507	6390	0	0	0	0	1787346811264
3683	1909	2507	6431	0	0	0	0	1787346812267
3736	1965	2469	6442	0	0	0	0	1787346813263
3815	1918	2551	6402	0	0	0	0	1787346814266
3812	1943	2540	6403	0	0	0	0	1787346815275
3707	2003	2466	6576	0	0	0	0	1787346816267
3770	1930	2476	6617	0	0	0	0	1787346817276
3740	1992	2521	6419	0	0	0	0	1787346818266
3770	1956	2511	6482	0	0	0	0	1787346819263
3700	1927	2483	6623	0	0	0	0	1787346820264
3755	1982	2526	6458	0	0	0	0	1787346821280
3777	1987	2477	6458	0	0	0	0	1787346822280
3771	1994	2534	6362	0	0	0	0	1787346823280
3768	1932	2535	6366	0	0	0	0	1787346824283
3768	1947	2482	6379	0	0	0	0	1787346825280
3719	1987	2532	6338	0	0	0	0	1787346826282
3726	1999	2527	6468	0	0	0	0	1787346827276
3699	1956	2580	6642	0	0	0	0	1787346828277
3679	1994	2517	6559	0	0	0	0	1787346829293
3665	1942	2577	6402	0	0	0	0	1787346830303
3780	1983	2464	6536	0	0	0	0	1787346831308
3804	1926	2494	6455	0	0	0	0	1787346832308
3817	1936	2523	6504	0	0	0	0	1787346833322
3706	1952	2501	6350	0	0	0	0	1787346834330
3833	1932	2534	6559	0	0	0	0	1787346835323
3734	1939	2467	6367	0	0	0	0	1787346836339
3772	1942	2529	6466	0	0	0	0	1787346837357
3676	1991	2548	6447	0	0	0	0	1787346838359
3809	1992	2516	6575	0	0	0	0	1787346839355
3799	2003	2554	6606	0	0	0	0	1787346840361
3766	1945	2565	6576	0	0	0	0	1787346841364
3796	1922	2487	6542	0	0	0	0	1787346842357
3786	1964	2488	6412	0	0	0	0	1787346843355
3688	1966	2580	6434	0	0	0	0	1787346844362
3815	1969	2475	6422	0	0	0	0	1787346845355
3666	1912	2463	6585	0	0	0	0	1787346846360
3673	1999	2556	6647	0	0	0	0	1787346847354
3737	1952	2569	6460	0	0	0	0	1787346848358
3659	1910	2566	6420	0	0	0	0	1787346849376
3784	2002	2580	6399	0	0	0	0	1787346850374
3695	1932	2532	6486	0	0	0	0	1787346851370
3839	1975	2579	6369	0	0	0	0	1787346852371
3751	1910	2557	6521	0	0	0	0	1787346853371
3680	1915	2501	6423	0	0	0	0	1787346854371
3741	1984	2567	6365	0	0	0	0	1787346855376
3822	1976	2568	6537	0	0	0	0	1787346856379
3734	1976	2555	6624	0	0	0	0	1787346857371
3808	1944	2557	6505	0	0	0	0	1787346858378
3665	1973	2489	6370	0	0	0	0	1787346859390
3775	1984	2475	6421	0	0	0	0	1787346860394
3760	1915	2485	6427	0	0	0	0	1787346861386
3807	1977	2534	6546	0	0	0	0	1787346862397
3697	1942	2580	6557	0	0	0	0	1787346863386
3728	1968	2571	6436	0	0	0	0	1787346864394
3717	1998	2484	6435	0	0	0	0	1787346865386
3693	1936	2480	6371	0	0	0	0	1787346866386
3659	1926	2474	6579	0	0	0	0	1787346867410
3804	1927	2510	6365	0	0	0	0	1787346868406
3665	1931	2575	6485	0	0	0	0	1787346869403
3779	1937	2560	6493	0	0	0	0	1787346870410
3766	1944	2521	6574	0	0	0	0	1787346871404
3699	1944	2548	6417	0	0	0	0	1787346872406
3725	1927	2544	6566	0	0	0	0	1787346873402
3834	1944	2461	6637	0	0	0	0	1787346874417
3833	1924	2569	6538	0	0	0	0	1787346875403
3729	1924	2563	6631	0	0	0	0	1787346876410
3672	1920	2479	6606	0	0	0	0	1787346877403
3722	1965	2565	6465	0	0	0	0	1787346878415
3682	1985	2462	6544	0	0	0	0	1787346879402
3811	1987	2510	6522	0	0	0	0	1787346880406
3709	1912	2487	6540	0	0	0	0	1787346881424
3711	1973	2575	6652	0	0	0	0	1787346882426
3824	1915	2513	6598	0	0	0	0	1787346883423
3744	1925	2526	6483	0	0	0	0	1787346884426
3658	1926	2482	6560	0	0	0	0	1787346885418
3786	2002	2516	6593	0	0	0	0	1787346886426
3724	1976	2542	6605	0	0	0	0	1787346887419
3823	1940	2571	6432	0	0	0	0	1787346888424
3814	2001	2495	6494	0	0	0	0	1787346889419
3772	1985	2562	6452	0	0	0	0	1787346890427
3672	1939	2532	6528	0	0	0	0	1787346891441
3689	1939	2491	6506	0	0	0	0	1787346892446
3706	1920	2523	6408	0	0	0	0	1787346893434
3781	1942	2564	6378	0	0	0	0	1787346894433
3835	1991	2555	6526	0	0	0	0	1787346895434
3672	1983	2561	6466	0	0	0	0	1787346896448
3678	1972	2505	6515	0	0	0	0	1787346897436
3740	1994	2465	6608	0	0	0	0	1787346898445
3772	1949	2550	6640	0	0	0	0	1787346899437
3795	1943	2513	6556	0	0	0	0	1787346900443
3720	1955	2464	6485	0	0	0	0	1787346901433
3705	2002	2569	6611	0	0	0	0	1787346902440
3799	1947	2487	6570	0	0	0	0	1787346903434
3699	1961	2463	6430	0	0	0	0	1787346904442
3689	1984	2549	6452	0	0	0	0	1787346905435
3726	1971	2506	6457	0	0	0	0	1787346906439
3835	1991	2490	6537	0	0	0	0	1787346907434
3779	1942	2484	6516	0	0	0	0	1787346908436
3829	1997	2551	6592	0	0	0	0	1787346909434
3778	2001	2551	6341	0	0	0	0	1787346910434
3803	1942	2539	6563	0	0	0	0	1787346911434
3710	1975	2538	6600	0	0	0	0	1787346912436
3704	2000	2505	6449	0	0	0	0	1787346913456
3679	1925	2475	6626	0	0	0	0	1787346914448
3769	1933	2564	6340	0	0	0	0	1787346915450
3733	1915	2472	6491	0	0	0	0	1787346916461
3805	1926	2494	6364	0	0	0	0	1787346917451
3706	1976	2562	6512	0	0	0	0	1787346918451
3666	1983	2519	6505	0	0	0	0	1787346919464
3727	1960	2497	6401	0	0	0	0	1787346920467
3790	1992	2568	6629	0	0	0	0	1787346921466
3770	1938	2463	6384	0	0	0	0	1787346922465
3703	1918	2542	6368	0	0	0	0	1787346923467
3776	1985	2532	6516	0	0	0	0	1787346924464
3831	2000	2580	6607	0	0	0	0	1787346925488
3731	1932	2535	6611	0	0	0	0	1787346926481
3792	1980	2496	6377	0	0	0	0	1787346927485
3783	1931	2517	6357	0	0	0	0	1787346928498
3665	1937	2488	6437	0	0	0	0	1787346929498
3809	1933	2498	6607	0	0	0	0	1787346930513
3762	1918	2577	6358	0	0	0	0	1787346931518
3687	1930	2532	6436	0	0	0	0	1787346932512
3722	1999	2534	6473	0	0	0	0	1787346933512
3779	1913	2544	6375	0	0	0	0	1787346934513
3690	1942	2494	6523	0	0	0	0	1787346935515
3769	1927	2569	6483	0	0	0	0	1787346936511
3806	1912	2501	6340	0	0	0	0	1787346937513
3814	1994	2468	6522	0	0	0	0	1787346938524
3754	1990	2505	6341	0	0	0	0	1787346939532
3810	1981	2468	6438	0	0	0	0	1787346940534
3696	1996	2492	6579	0	0	0	0	1787346941530
3800	1933	2513	6611	0	0	0	0	1787346942528
3815	1992	2501	6346	0	0	0	0	1787346943529
3753	1965	2558	6603	0	0	0	0	1787346944544
3800	1977	2470	6471	0	0	0	0	1787346945546
3838	1952	2514	6621	0	0	0	0	1787346946542
3676	1918	2570	6522	0	0	0	0	1787346947546
3787	1921	2543	6519	0	0	0	0	1787346948560
3804	1981	2464	6477	0	0	0	0	1787346949560
3750	1945	2529	6576	0	0	0	0	1787346950571
3719	1945	2504	6343	0	0	0	0	1787346951563
3680	1999	2565	6351	0	0	0	0	1787346952568
3811	1940	2575	6405	0	0	0	0	1787346953558
3760	1993	2567	6381	0	0	0	0	1787346954572
3735	1952	2527	6577	0	0	0	0	1787346955558
3825	1976	2502	6579	0	0	0	0	1787346956560
3753	1935	2528	6398	0	0	0	0	1787346957562
3806	1965	2465	6598	0	0	0	0	1787346958573
3713	1924	2463	6385	0	0	0	0	1787346959579
3669	1958	2539	6457	0	0	0	0	1787346960592
3820	1972	2525	6523	0	0	0	0	1787346961592
3676	1957	2468	6350	0	0	0	0	1787346962592
3797	1971	2564	6641	0	0	0	0	1787346963593
3799	1957	2491	6353	0	0	0	0	1787346964608
3827	1946	2514	6651	0	0	0	0	1787346965606
3793	1960	2545	6592	0	0	0	0	1787346966608
3772	1958	2528	6489	0	0	0	0	1787346967610
3693	1989	2504	6485	0	0	0	0	1787346968608
3678	1971	2494	6553	0	0	0	0	1787346969606
3693	1933	2480	6471	0	0	0	0	1787346970621
3750	1964	2548	6639	0	0	0	0	1787346971626
3778	1991	2540	6650	0	0	0	0	1787346972626
3795	1994	2519	6383	0	0	0	0	1787346973625
3750	1949	2511	6626	0	0	0	0	1787346974620
3688	1968	2528	6363	0	0	0	0	1787346975627
3740	1928	2522	6564	0	0	0	0	1787346976640
3781	1921	2548	6394	0	0	0	0	1787346977643
3776	1972	2560	6401	0	0	0	0	1787346978640
3687	2002	2467	6350	0	0	0	0	1787346979641
3681	1986	2521	6601	0	0	0	0	1787346980640
3786	1982	2538	6467	0	0	0	0	1787346981641
3719	2003	2506	6577	0	0	0	0	1787346982640
3679	1992	2557	6490	0	0	0	0	1787346983637
3836	1931	2465	6437	0	0	0	0	1787346984650
3836	1924	2536	6559	0	0	0	0	1787346985641
3711	1966	2549	6524	0	0	0	0	1787346986652
3729	1967	2545	6359	0	0	0	0	1787346987657
3802	1983	2478	6411	0	0	0	0	1787346988672
3794	1913	2461	6518	0	0	0	0	1787346989668
3792	1946	2488	6637	0	0	0	0	1787346990672
3756	1967	2535	6606	0	0	0	0	1787346991670
3658	1932	2580	6481	0	0	0	0	1787346992688
3752	1966	2468	6467	0	0	0	0	1787346993691
3675	1971	2514	6551	0	0	0	0	1787346994697
3823	1953	2567	6501	0	0	0	0	1787346995690
3733	1981	2567	6339	0	0	0	0	1787346996688
3819	1975	2546	6613	0	0	0	0	1787346997686
3708	1961	2491	6517	0	0	0	0	1787346998704
3824	1926	2475	6428	0	0	0	0	1787346999703
3797	1917	2538	6468	0	0	0	0	1787347000716
3809	1963	2549	6467	0	0	0	0	1787347001715
3703	1990	2512	6414	0	0	0	0	1787347002714
3777	1939	2507	6345	0	0	0	0	1787347003717
3837	1947	2462	6646	0	0	0	0	1787347004715
3718	1970	2530	6520	0	0	0	0	1787347005721
