2488	1210	4624	2764	0	0	0	0	1790892900093
2480	1217	4572	2766	0	0	0	0	1790892901446
2474	1192	4582	2789	0	0	0	0	1790892902802
2469	1202	4511	2789	0	0	0	0	1790892904171
2458	1191	4525	0	0	0	0	0	1790892905426
2458	1176	4538	2803	0	0	0	0	1790892906773
2463	1176	4528	2812	0	0	0	0	1790892908137
2459	1194	4514	2752	0	0	0	0	1790892909496
2461	1193	0	2767	0	0	0	0	1790892910846
2452	1188	4540	2796	0	0	0	0	1790892912171
2457	0	4531	2764	0	0	0	0	1790892913516
2470	1168	4535	2774	0	0	0	0	1790892914870
2461	1183	0	2792	0	0	0	0	1790892916201
2466	1190	4507	2809	0	0	0	0	1790892917288
2469	1181	4490	2741	0	0	0	0	1790892918382
2453	1188	4532	2741	0	0	0	0	1790892919477
2467	1155	4543	2725	0	0	0	0	1790892920556
2471	1175	4550	2724	0	0	0	0	1790892921748
2454	1158	4566	2760	0	0	0	0	1790892923082
2454	1159	4547	2756	0	0	0	0	1790892924436
2456	1174	4473	2752	0	0	0	0	1790892925814
2458	1185	4494	0	0	0	0	0	1790892927097
2456	1182	0	2773	0	0	0	0	1790892928489
2461	1192	4521	0	0	0	0	0	1790892929843
2462	1191	0	2811	0	0	0	0	1790892931167
2450	1163	4532	2817	0	0	0	0	1790892932493
2458	1184	4539	0	0	0	0	0	1790892933717
2454	1172	4543	2811	0	0	0	0	1790892935093
2459	1179	4475	2814	0	0	0	0	1790892936460
2461	1184	4502	2794	0	0	0	0	1790892937812
2465	0	4516	2786	0	0	0	0	1790892939155
2459	1180	4513	2792	0	0	0	0	1790892940217
2465	1185	4531	2770	0	0	0	0	1790892941310
2456	1177	4526	2707	0	0	0	0	1790892942392
2463	1166	4547	2739	0	0	0	0	1790892943508
2452	1182	4567	2742	0	0	0	0	1790892944693
2457	1158	4514	2754	0	0	0	0	1790892946058
2451	1172	4521	2770	0	0	0	0	1790892947379
2431	1185	4519	2789	0	0	0	0	1790892948757
2447	1172	4482	0	0	0	0	0	1790892950094
2444	1180	4498	2770	0	0	0	0	1790892951477
2449	1174	0	2783	0	0	0	0	1790892952800
2459	1184	4529	0	0	0	0	0	1790892954164
2455	1162	0	2796	0	0	0	0	1790892955497
2458	1183	4529	2784	0	0	0	0	1790892956661
2440	1181	4492	2804	0	0	0	0	1790892958004
2446	1191	4479	2778	0	0	0	0	1790892959347
2460	1154	4500	2772	0	0	0	0	1790892960673
2456	0	4518	2773	0	0	0	0	1790892962017
2465	1165	4539	2736	0	0	0	0	1790892963134
2466	1163	4521	2746	0	0	0	0	1790892964200
2429	1175	4526	2749	0	0	0	0	1790892965281
2439	1177	4544	2746	0	0	0	0	1790892966410
2448	1183	4521	2759	0	0	0	0	1790892967761
2451	1186	4484	2774	0	0	0	0	1790892969131
2452	1175	4505	2791	0	0	0	0	1790892970464
2450	1150	4518	2782	0	0	0	0	1790892971850
2439	1164	0	2786	0	0	0	0	1790892973023
2451	1159	4487	2786	0	0	0	0	1790892974403
2456	1150	4505	2790	0	0	0	0	1790892975720
2458	1164	4517	2793	0	0	0	0	1790892976997
2464	1169	4527	2800	0	0	0	0	1790892978389
2437	1179	4524	0	0	0	0	0	1790892979523
2450	1196	4488	2782	0	0	0	0	1790892980858
2440	1197	4500	2774	0	0	0	0	1790892982220
2452	1173	4518	2779	0	0	0	0	1790892983562
2461	1181	4520	2712	0	0	0	0	1790892984874
2442	0	4531	2736	0	0	0	0	1790892986025
2457	1191	4536	2737	0	0	0	0	1790892987134
2446	1192	4538	2720	0	0	0	0	1790892988235
2448	1204	4491	2750	0	0	0	0	1790892989417
2448	1177	4513	2771	0	0	0	0	1790892990820
2448	1176	4456	2773	0	0	0	0	1790892992180
2445	1171	4472	2771	0	0	0	0	1790892993514
2447	1184	0	2787	0	0	0	0	1790892994753
2442	1186	4496	2748	0	0	0	0	1790892996028
2447	1199	4461	2760	0	0	0	0	1790892997355
2453	1178	4470	2747	0	0	0	0	1790892998635
2453	1182	4489	2758	0	0	0	0	1790892999977
2448	1167	4506	0	0	0	0	0	1790893001337
2455	1182	4479	2762	0	0	0	0	1790893002443
2461	1194	4484	2777	0	0	0	0	1790893003722
2461	1194	4491	2762	0	0	0	0	1790893005055
2456	1196	4504	2740	0	0	0	0	1790893006389
2448	1145	4521	2738	0	0	0	0	1790893007711
2443	0	4512	2707	0	0	0	0	1790893009015
2439	1155	4510	2726	0	0	0	0	1790893010104
2444	1170	4515	2744	0	0	0	0	1790893011182
2447	1187	4516	2769	0	0	0	0	1790893012363
2448	1168	4465	2766	0	0	0	0	1790893013663
2449	1170	4442	2792	0	0	0	0	1790893014997
2448	1177	4481	2770	0	0	0	0	1790893016351
2452	1165	4446	2771	0	0	0	0	1790893017679
2458	1176	0	2794	0	0	0	0	1790893018879
2447	1181	4452	2799	0	0	0	0	1790893020201
2447	1183	4481	2773	0	0	0	0	1790893021539
2445	1177	4487	2783	0	0	0	0	1790893022910
2455	1167	4465	2787	0	0	0	0	1790893024234
2456	1187	4480	0	0	0	0	0	1790893025375
2464	1189	4489	2715	0	0	0	0	1790893026560
2456	1188	4507	2741	0	0	0	0	1790893027851
2440	1173	4529	2745	0	0	0	0	1790893029162
2451	1186	4488	2716	0	0	0	0	1790893030560
2441	1187	4483	2735	0	0	0	0	1790893031864
2452	0	4503	2759	0	0	0	0	1790893032995
2436	1191	4501	2743	0	0	0	0	1790893034082
2432	1195	4483	2762	0	0	0	0	1790893035276
2444	1168	4492	2766	0	0	0	0	1790893036644
2448	1162	4454	2765	0	0	0	0	1790893037976
2430	1175	4465	2775	0	0	0	0	1790893039341
2450	1177	0	2790	0	0	0	0	1790893040645
2454	1162	4484	2769	0	0	0	0	1790893041801
2435	1182	4501	2773	0	0	0	0	1790893043114
2447	1175	4520	2786	0	0	0	0	1790893044436
2435	1184	4475	2796	0	0	0	0	1790893045741
2445	1153	4490	2763	0	0	0	0	1790893047106
2455	1166	4495	0	0	0	0	0	1790893048286
2439	1172	4508	2742	0	0	0	0	1790893049365
2452	1181	4524	2759	0	0	0	0	1790893050689
2435	1172	4506	2718	0	0	0	0	1790893052074
2435	1172	4529	2714	0	0	0	0	1790893053396
2442	1174	4517	2729	0	0	0	0	1790893054688
2445	0	4479	2734	0	0	0	0	1790893055957
2434	1180	4480	2752	0	0	0	0	1790893057056
2442	1183	4488	2754	0	0	0	0	1790893058294
2424	1185	4443	2759	0	0	0	0	1790893059640
2436	1179	4486	2773	0	0	0	0	1790893061046
2449	1163	4472	2798	0	0	0	0	1790893062380
2434	1173	0	2776	0	0	0	0	1790893063572
2450	1169	4450	2790	0	0	0	0	1790893064672
2454	1188	4483	2804	0	0	0	0	1790893065975
2434	1185	4480	2764	0	0	0	0	1790893067382
2443	1191	4480	2764	0	0	0	0	1790893068726
2451	1169	4500	2768	0	0	0	0	1790893070091
2453	1183	4502	0	0	0	0	0	1790893071223
2453	1186	4490	2711	0	0	0	0	1790893072289
2438	1185	4505	2725	0	0	0	0	1790893073493
2442	1185	4519	2738	0	0	0	0	1790893074816
2442	1190	4486	2715	0	0	0	0	1790893076180
2443	1168	4497	2719	0	0	0	0	1790893077503
2448	0	4479	2732	0	0	0	0	1790893078842
2449	1187	4467	2742	0	0	0	0	1790893080032
2446	1172	4460	2748	0	0	0	0	1790893081377
2446	1177	4463	2767	0	0	0	0	1790893082731
2442	1182	4457	2774	0	0	0	0	1790893084117
2452	1153	0	2762	0	0	0	0	1790893085396
2457	1172	4467	2763	0	0	0	0	1790893086497
2435	1175	4476	2778	0	0	0	0	1790893087583
2440	1176	4492	2723	0	0	0	0	1790893088983
2453	1181	4496	2730	0	0	0	0	1790893090302
2448	1179	4457	2743	0	0	0	0	1790893091642
2453	1191	4460	2721	0	0	0	0	1790893093025
2442	1192	4496	0	0	0	0	0	1790893094117
2442	1192	4497	2728	0	0	0	0	1790893095202
2447	1185	4487	2739	0	0	0	0	1790893096356
2437	1176	4513	2716	0	0	0	0	1790893097700
2444	1181	4449	2737	0	0	0	0	1790893099125
2446	1183	4428	2738	0	0	0	0	1790893100440
2446	0	4455	2745	0	0	0	0	1790893101762
2440	1186	4457	2749	0	0	0	0	1790893103009
2445	1172	4411	2778	0	0	0	0	1790893104376
2450	1183	4439	2761	0	0	0	0	1790893105750
2451	1184	4462	2775	0	0	0	0	1790893107074
2440	1185	0	2784	0	0	0	0	1790893108324
2439	1180	4438	2790	0	0	0	0	1790893109410
2447	1165	4473	2762	0	0	0	0	1790893110624
2440	1173	4479	2778	0	0	0	0	1790893111939
2445	1182	4438	2728	0	0	0	0	1790893113314
2453	1159	4456	2726	0	0	0	0	1790893114658
2427	1175	4467	0	0	0	0	0	1790893115917
2433	1155	4478	2750	0	0	0	0	1790893117057
2439	1165	4499	2736	0	0	0	0	1790893118144
2438	1181	4506	2698	0	0	0	0	1790893119297
2448	1182	4486	2716	0	0	0	0	1790893120644
2450	1182	4490	2719	0	0	0	0	1790893121973
2430	1191	4488	2735	0	0	0	0	1790893123318
2432	1194	4407	2758	0	0	0	0	1790893124644
2432	1177	0	2740	0	0	0	0	1790893125983
2443	1149	4448	2764	0	0	0	0	1790893127332
2452	1165	4413	2784	0	0	0	0	1790893128664
2452	1175	4442	2752	0	0	0	0	1790893130082
2439	0	4462	2772	0	0	0	0	1790893131235
2434	1186	4457	2751	0	0	0	0	1790893132331
2443	1176	4433	2755	0	0	0	0	1790893133523
2453	1181	4449	2753	0	0	0	0	1790893135006
2441	1163	4451	2771	0	0	0	0	1790893137991
2430	1183	4445	2713	0	0	0	0	1790893138569
2451	1146	4458	0	0	0	0	0	1790893138965
2431	1166	4465	2715	0	0	0	0	1790893139960
2433	1181	4466	2725	0	0	0	0	1790893141036
2436	1157	4481	2700	0	0	0	0	1790893142198
2437	1171	4450	2712	0	0	0	0	1790893143574
2440	1165	4415	2724	0	0	0	0	1790893144918
2445	1184	4408	2756	0	0	0	0	1790893146283
2437	1188	0	2756	0	0	0	0	1790893147578
2442	1168	4427	2772	0	0	0	0	1790893148906
2442	1172	4440	2773	0	0	0	0	1790893150285
2450	1185	4453	2732	0	0	0	0	1790893151619
2446	1189	4434	2743	0	0	0	0	1790893152981
2446	0	4461	2745	0	0	0	0	1790893154133
2448	1196	4468	2736	0	0	0	0	1790893155221
2448	1171	4400	2768	0	0	0	0	1790893156501
2453	1160	4409	2766	0	0	0	0	1790893157882
2451	1172	4431	2737	0	0	0	0	1790893159225
2450	1176	4449	2705	0	0	0	0	1790893160557
2431	1183	4441	0	0	0	0	0	1790893161785
2435	1186	4455	2725	0	0	0	0	1790893162923
2436	1193	4459	2716	0	0	0	0	1790893163993
2423	1167	4379	2722	0	0	0	0	1790893165244
2438	1171	4402	2729	0	0	0	0	1790893166606
2441	1179	4405	2737	0	0	0	0	1790893167969
2427	1178	4417	2750	0	0	0	0	1790893169325
2439	1178	0	2779	0	0	0	0	1790893170519
2424	1155	4446	2790	0	0	0	0	1790893171800
2437	1167	4405	2781	0	0	0	0	1790893173182
2441	1174	4408	2765	0	0	0	0	1790893174521
2433	1173	4422	2781	0	0	0	0	1790893175894
2443	0	4439	2787	0	0	0	0	1790893177082
2443	1173	4440	2745	0	0	0	0	1790893178231
2447	1175	4416	2731	0	0	0	0	1790893179606
2443	1183	4425	2744	0	0	0	0	1790893180949
2440	1184	4436	2706	0	0	0	0	1790893182327
2434	1188	4455	0	0	0	0	0	1790893183640
2440	1188	4462	2695	0	0	0	0	1790893184726
2424	1176	4419	2716	0	0	0	0	1790893185847
2426	1180	4422	2722	0	0	0	0	1790893186966
2436	1194	4401	2723	0	0	0	0	1790893188304
2437	1163	4423	2745	0	0	0	0	1790893189627
2438	1175	4437	2756	0	0	0	0	1790893190980
2441	1184	4439	2759	0	0	0	0	1790893192342
2446	1172	0	2761	0	0	0	0	1790893193465
2441	1172	4419	2724	0	0	0	0	1790893194705
2432	1180	4426	2732	0	0	0	0	1790893196054
2436	1178	4436	2737	0	0	0	0	1790893197419
2443	1180	4389	2760	0	0	0	0	1790893198745
2428	0	4419	2740	0	0	0	0	1790893200012
2443	1167	4428	2724	0	0	0	0	1790893201174
2445	1173	4416	2733	0	0	0	0	1790893202518
2420	1194	4432	2680	0	0	0	0	1790893203900
2424	1194	4421	2706	0	0	0	0	1790893205235
2428	1159	4449	2717	0	0	0	0	1790893206584
2421	1164	4466	0	0	0	0	0	1790893207703
2430	1175	4430	2706	0	0	0	0	1790893208763
2421	1173	4418	2727	0	0	0	0	1790893209942
2429	1179	4424	2755	0	0	0	0	1790893211320
2437	1160	4407	2739	0	0	0	0	1790893212691
2438	1169	4423	2752	0	0	0	0	1790893214030
2443	1174	0	2762	0	0	0	0	1790893215308
2444	1170	4437	2774	0	0	0	0	1790893216379
2425	1162	4438	2788	0	0	0	0	1790893217527
2429	1179	4381	2786	0	0	0	0	1790893218860
2434	1188	4407	2783	0	0	0	0	1790893220218
2431	1163	4381	2746	0	0	0	0	1790893221586
2444	1181	4400	2724	0	0	0	0	1790893222905
2426	0	4412	2739	0	0	0	0	1790893224024
2430	1183	4413	2659	0	0	0	0	1790893225431
2438	1143	4424	2694	0	0	0	0	1790893226775
2410	1161	4458	2697	0	0	0	0	1790893228118
2417	1175	4448	2697	0	0	0	0	1790893229484
2437	1179	4454	0	0	0	0	0	1790893230587
2424	1190	4417	2715	0	0	0	0	1790893231693
2431	1163	4428	2738	0	0	0	0	1790893232906
2430	1181	4382	2745	0	0	0	0	1790893234283
2417	1159	4404	2733	0	0	0	0	1790893235587
2433	1178	4413	2758	0	0	0	0	1790893236973
2422	1154	0	2760	0	0	0	0	1790893238231
2424	1163	4389	2759	0	0	0	0	1790893239309
2434	1168	4365	2767	0	0	0	0	1790893240465
2424	1164	4382	2778	0	0	0	0	1790893241808
2436	1171	4407	2749	0	0	0	0	1790893243181
2442	1185	4411	2749	0	0	0	0	1790893244525
2427	0	4418	2730	0	0	0	0	1790893245842
2432	1164	4424	2726	0	0	0	0	1790893247003
2418	1181	4413	2701	0	0	0	0	1790893248356
2427	1163	4429	2712	0	0	0	0	1790893249745
2431	1169	4407	2721	0	0	0	0	1790893251085
2417	1172	4409	0	0	0	0	0	1790893252421
2420	1182	4423	2725	0	0	0	0	1790893253510
2428	1181	4403	2729	0	0	0	0	1790893254605
2424	1183	4410	2737	0	0	0	0	1790893255853
2435	1187	4417	2757	0	0	0	0	1790893257208
2439	1179	4383	2721	0	0	0	0	1790893258552
2422	1174	4383	2733	0	0	0	0	1790893259920
2437	1172	0	2739	0	0	0	0	1790893261189
2425	1178	4403	2699	0	0	0	0	1790893262252
2432	1186	4400	2712	0	0	0	0	1790893263372
2435	1171	4369	2724	0	0	0	0	1790893264708
2439	1177	4407	2727	0	0	0	0	1790893266061
2439	1177	4371	2724	0	0	0	0	1790893267405
2429	1157	4368	2725	0	0	0	0	1790893268738
2427	1169	4407	0	0	0	0	0	1790893269927
2427	1144	4375	2688	0	0	0	0	1790893271298
2417	1160	4394	2708	0	0	0	0	1790893272610
2424	1142	4416	2707	0	0	0	0	1790893273966
2429	1158	4406	2707	0	0	0	0	1790893275283
2419	0	4382	2734	0	0	0	0	1790893276460
2427	1168	4397	2733	0	0	0	0	1790893277522
2431	1178	4371	2745	0	0	0	0	1790893278914
2432	1184	4396	2750	0	0	0	0	1790893280258
2433	1166	4404	2763	0	0	0	0	1790893281582
2435	1174	4412	2717	0	0	0	0	1790893282930
2407	1167	0	2744	0	0	0	0	1790893284110
2425	1171	4392	2736	0	0	0	0	1790893285198
2431	1170	4402	2746	0	0	0	0	1790893286350
2426	1180	4372	2731	0	0	0	0	1790893287704
2428	1188	4370	2742	0	0	0	0	1790893289028
2434	1159	4379	2712	0	0	0	0	1790893290366
2423	1173	4389	0	0	0	0	0	1790893291727
2423	1187	4410	2720	0	0	0	0	1790893292844
2423	1181	4434	2728	0	0	0	0	1790893294126
2429	1172	4434	2691	0	0	0	0	1790893295506
2428	1183	4427	2720	0	0	0	0	1790893296834
2415	1182	4384	2703	0	0	0	0	1790893298190
2424	0	4405	2717	0	0	0	0	1790893299374
2426	1183	4374	2728	0	0	0	0	1790893300485
2433	1179	4388	2753	0	0	0	0	1790893301869
2432	1162	4396	2753	0	0	0	0	1790893303186
2437	1162	4399	2756	0	0	0	0	1790893304493
2427	1171	4409	2767	0	0	0	0	1790893305879
2438	1175	0	2728	0	0	0	0	1790893307023
2411	1178	4399	2733	0	0	0	0	1790893308119
2419	1167	4368	2736	0	0	0	0	1790893309199
2432	1171	4394	2748	0	0	0	0	1790893310501
2422	1173	4395	2709	0	0	0	0	1790893311886
2425	1185	4381	2707	0	0	0	0	1790893313231
2433	1186	4381	2716	0	0	0	0	1790893314577
2410	1153	4392	0	0	0	0	0	1790893315757
2415	1169	4387	2703	0	0	0	0	1790893317060
2422	1172	4391	2717	0	0	0	0	1790893318414
2425	1163	4397	2707	0	0	0	0	1790893319757
2423	1173	4382	2714	0	0	0	0	1790893321064
2426	0	4385	2748	0	0	0	0	1790893322297
2423	1180	4361	2760	0	0	0	0	1790893323521
2429	1176	4362	2755	0	0	0	0	1790893324852
2431	1185	4373	2766	0	0	0	0	1790893326211
2426	1164	4381	2780	0	0	0	0	1790893327524
2422	1170	0	2756	0	0	0	0	1790893328814
2432	1150	4317	2771	0	0	0	0	1790893329883
2433	1163	4341	2747	0	0	0	0	1790893331001
2425	1167	4364	2697	0	0	0	0	1790893332172
2426	1172	4334	2704	0	0	0	0	1790893333529
2422	1155	4365	2719	0	0	0	0	1790893334883
2411	1175	4391	2694	0	0	0	0	1790893336252
2422	1181	4384	0	0	0	0	0	1790893337560
2425	1176	4405	2710	0	0	0	0	1790893338649
2420	1179	4382	2724	0	0	0	0	1790893339875
2421	1178	4384	2725	0	0	0	0	1790893341219
2427	1172	4387	2718	0	0	0	0	1790893342532
2413	1174	4369	2726	0	0	0	0	1790893343888
2430	0	4369	2737	0	0	0	0	1790893345188
2423	1176	4381	2761	0	0	0	0	1790893346519
2424	1182	4339	2772	0	0	0	0	1790893347844
2430	1170	4348	2749	0	0	0	0	1790893349222
2416	1171	4365	2741	0	0	0	0	1790893350596
2428	1177	0	2733	0	0	0	0	1790893351727
2432	1182	4374	2755	0	0	0	0	1790893352814
2432	1168	4322	2705	0	0	0	0	1790893353924
2421	1166	4352	2723	0	0	0	0	1790893355044
2417	1181	4366	2730	0	0	0	0	1790893356392
2421	1172	4378	2695	0	0	0	0	1790893357774
2412	1175	4400	2704	0	0	0	0	1790893359129
2409	1179	4408	2689	0	0	0	0	1790893360452
2418	1185	4340	0	0	0	0	0	1790893361572
2420	1151	4352	2702	0	0	0	0	1790893362724
2419	1156	4362	2725	0	0	0	0	1790893364132
2423	1164	4366	2730	0	0	0	0	1790893365447
2425	1171	4376	2732	0	0	0	0	1790893366820
2431	1171	0	2753	0	0	0	0	1790893368102
2429	1157	4347	2771	0	0	0	0	1790893369380
2417	1165	4342	2705	0	0	0	0	1790893370712
2420	1167	4363	2720	0	0	0	0	1790893372099
2421	1150	4363	2727	0	0	0	0	1790893373445
2428	0	4316	2733	0	0	0	0	1790893374670
2422	1156	4342	2747	0	0	0	0	1790893375738
2429	1164	4355	2745	0	0	0	0	1790893376807
2426	1172	4358	2701	0	0	0	0	1790893378084
