2703	1358	1567	6347	0	0	0	0	1790776905052
2681	1353	1582	6302	0	0	0	0	1790776906413
2693	1357	1577	6245	0	0	0	0	1790776907758
2687	1358	1570	6276	0	0	0	0	1790776909116
2685	1334	1581	0	0	0	0	0	1790776910478
2691	1343	1526	6288	0	0	0	0	1790776911820
2693	1355	1561	6290	0	0	0	0	1790776913183
2692	1350	1564	6317	0	0	0	0	1790776914524
2691	1339	0	6224	0	0	0	0	1790776915873
2678	1344	1571	6254	0	0	0	0	1790776917217
2682	1345	1560	6268	0	0	0	0	1790776918575
2688	1348	1547	6280	0	0	0	0	1790776919909
2675	0	1551	6292	0	0	0	0	1790776921282
2680	1337	1555	6291	0	0	0	0	1790776922406
2683	1354	1548	6290	0	0	0	0	1790776923486
2661	1353	1558	6308	0	0	0	0	1790776924624
2675	1341	1567	6275	0	0	0	0	1790776925711
2682	1336	1544	6303	0	0	0	0	1790776926897
2672	1347	1556	6303	0	0	0	0	1790776928257
2675	1354	1575	6317	0	0	0	0	1790776929629
2683	1354	1526	6331	0	0	0	0	1790776930937
2658	1357	1543	0	0	0	0	0	1790776932331
2666	1355	1555	6280	0	0	0	0	1790776933504
2672	1337	1509	6317	0	0	0	0	1790776934867
2678	1341	1522	6299	0	0	0	0	1790776936268
2679	1319	1547	6301	0	0	0	0	1790776937597
2673	1331	0	6319	0	0	0	0	1790776938919
2679	1337	1523	6322	0	0	0	0	1790776940270
2670	1344	1530	6344	0	0	0	0	1790776941633
2676	1347	1522	6320	0	0	0	0	1790776942973
2671	1344	1544	6276	0	0	0	0	1790776944333
2683	0	1552	6322	0	0	0	0	1790776945549
2687	1352	1505	6325	0	0	0	0	1790776946651
2668	1353	1534	6336	0	0	0	0	1790776947747
2673	1356	1546	6339	0	0	0	0	1790776948854
2681	1356	1501	6339	0	0	0	0	1790776950162
2682	1363	1526	6368	0	0	0	0	1790776951522
2672	1354	1546	6330	0	0	0	0	1790776952886
2670	1356	1501	6346	0	0	0	0	1790776954267
2652	1369	1519	0	0	0	0	0	1790776955432
2664	1333	1545	6360	0	0	0	0	1790776956560
2673	1329	1539	6317	0	0	0	0	1790776957910
2682	1336	1545	6359	0	0	0	0	1790776959296
2673	1341	1542	6382	0	0	0	0	1790776960603
2669	1347	1546	6385	0	0	0	0	1790776961964
2682	1330	0	6390	0	0	0	0	1790776963284
2660	1342	1503	6338	0	0	0	0	1790776964666
2666	1348	1518	6336	0	0	0	0	1790776965997
2676	1328	1531	6356	0	0	0	0	1790776967330
2663	0	1535	6361	0	0	0	0	1790776968629
2668	1340	1535	6370	0	0	0	0	1790776969745
2673	1340	1521	6372	0	0	0	0	1790776970830
2649	1341	1533	6388	0	0	0	0	1790776972088
2666	1347	1498	6407	0	0	0	0	1790776973409
2663	1349	1504	6362	0	0	0	0	1790776974802
2668	1335	1517	6384	0	0	0	0	1790776976144
2668	1338	1519	0	0	0	0	0	1790776977440
2663	1341	1494	6404	0	0	0	0	1790776978554
2653	1345	1513	6389	0	0	0	0	1790776979649
2661	1336	1492	6393	0	0	0	0	1790776980980
2675	1343	1503	6405	0	0	0	0	1790776982370
2644	1345	1509	6415	0	0	0	0	1790776983728
2650	1345	1528	6375	0	0	0	0	1790776985075
2673	0	1489	6376	0	0	0	0	1790776986372
2649	1347	1505	6392	0	0	0	0	1790776987776
2654	1357	1506	6393	0	0	0	0	1790776989084
2669	1357	1508	6401	0	0	0	0	1790776990478
2658	1338	0	6411	0	0	0	0	1790776991738
2663	1344	1525	6395	0	0	0	0	1790776992844
2654	1350	1498	6392	0	0	0	0	1790776993924
2662	1330	1517	6402	0	0	0	0	1790776995303
2666	1352	1519	6390	0	0	0	0	1790776996613
2668	1356	1504	6393	0	0	0	0	1790776998017
2651	1342	1513	6395	0	0	0	0	1790776999379
2665	1354	1518	0	0	0	0	0	1790777000499
2669	1360	1476	6412	0	0	0	0	1790777001585
2649	1362	1508	6399	0	0	0	0	1790777002767
2659	1360	1493	6404	0	0	0	0	1790777004099
2662	1350	1477	6408	0	0	0	0	1790777005511
2659	1352	1520	6436	0	0	0	0	1790777006864
2653	1365	1490	6405	0	0	0	0	1790777008193
2665	0	1502	6436	0	0	0	0	1790777009397
2656	1349	1506	6415	0	0	0	0	1790777010776
2660	1353	1511	6434	0	0	0	0	1790777012099
2665	1353	1515	6453	0	0	0	0	1790777013434
2645	1353	0	6442	0	0	0	0	1790777014823
2649	1360	1490	6437	0	0	0	0	1790777015932
2662	1364	1507	6447	0	0	0	0	1790777017227
2643	1354	1507	6417	0	0	0	0	1790777018624
2650	1356	1511	6427	0	0	0	0	1790777019962
2654	1343	1471	6437	0	0	0	0	1790777021380
2648	1366	1493	0	0	0	0	0	1790777022553
2650	1368	1495	6442	0	0	0	0	1790777023647
2654	1353	1497	6459	0	0	0	0	1790777024755
2656	1359	1508	6459	0	0	0	0	1790777025854
2656	1346	1518	6461	0	0	0	0	1790777027160
2662	1348	1459	6459	0	0	0	0	1790777028486
2662	1358	1478	6478	0	0	0	0	1790777029855
2658	1364	1489	6467	0	0	0	0	1790777031217
2662	0	1475	6411	0	0	0	0	1790777032462
2664	1352	1488	6442	0	0	0	0	1790777033794
2647	1352	1488	6442	0	0	0	0	1790777035156
2649	1367	1495	6464	0	0	0	0	1790777036466
2657	1342	1486	6447	0	0	0	0	1790777037888
2644	1344	1502	0	0	0	0	0	1790777039220
2653	1354	1497	6469	0	0	0	0	1790777040518
2642	1353	1514	6469	0	0	0	0	1790777041892
2645	1363	1454	6412	0	0	0	0	1790777043262
2657	1345	0	6463	0	0	0	0	1790777044581
2633	1358	1477	6468	0	0	0	0	1790777045661
2641	1343	1496	6449	0	0	0	0	1790777046769
2651	1354	1498	6422	0	0	0	0	1790777047854
2655	1332	1481	6434	0	0	0	0	1790777048934
2642	1338	1508	6464	0	0	0	0	1790777050219
2642	1349	1465	6461	0	0	0	0	1790777051571
2652	1341	1471	6467	0	0	0	0	1790777052942
2651	1350	1489	6474	0	0	0	0	1790777054336
2640	1352	1499	0	0	0	0	0	1790777055577
2642	1358	1486	6484	0	0	0	0	1790777056966
2650	1359	1495	6438	0	0	0	0	1790777058305
2643	1348	1468	6467	0	0	0	0	1790777059634
2639	1356	1481	6404	0	0	0	0	1790777060998
2634	0	1490	6428	0	0	0	0	1790777062214
2643	1359	1458	6448	0	0	0	0	1790777063552
2643	1364	1477	6449	0	0	0	0	1790777064922
2635	1367	1477	6460	0	0	0	0	1790777066307
2643	1358	0	6442	0	0	0	0	1790777067650
2638	1363	1466	6429	0	0	0	0	1790777068736
2620	1356	1490	6427	0	0	0	0	1790777069846
2627	1357	1457	6426	0	0	0	0	1790777070935
2638	1335	1471	6426	0	0	0	0	1790777072115
2629	1348	1488	6434	0	0	0	0	1790777073508
2628	1354	1454	6442	0	0	0	0	1790777074879
2640	1358	1473	6464	0	0	0	0	1790777076211
2624	1339	1481	0	0	0	0	0	1790777077572
2624	1357	1483	6434	0	0	0	0	1790777078659
2641	1352	1507	6449	0	0	0	0	1790777079969
2642	1361	1450	6440	0	0	0	0	1790777081332
2615	1353	1470	6456	0	0	0	0	1790777082694
2622	1357	1493	6458	0	0	0	0	1790777084097
2634	0	1457	6462	0	0	0	0	1790777085331
2637	1358	1479	6461	0	0	0	0	1790777086674
2633	1346	1495	6415	0	0	0	0	1790777088022
2628	1355	1449	6422	0	0	0	0	1790777089369
2635	1347	0	6441	0	0	0	0	1790777090769
2629	1348	1471	6370	0	0	0	0	1790777091845
2619	1359	1483	6407	0	0	0	0	1790777092966
2629	1343	1464	6437	0	0	0	0	1790777094051
2640	1351	1474	6421	0	0	0	0	1790777095413
2620	1360	1477	6423	0	0	0	0	1790777096816
2612	1363	1473	6435	0	0	0	0	1790777098180
2624	1351	1477	6421	0	0	0	0	1790777099509
2611	1359	1478	0	0	0	0	0	1790777100633
2610	1357	1486	6441	0	0	0	0	1790777101716
2625	1359	1487	6376	0	0	0	0	1790777103062
2627	1361	1489	6407	0	0	0	0	1790777104420
2620	1363	1467	6419	0	0	0	0	1790777105752
2622	1363	1483	6416	0	0	0	0	1790777107154
2624	0	1454	6416	0	0	0	0	1790777108347
2611	1359	1460	6431	0	0	0	0	1790777109697
2614	1351	1479	6443	0	0	0	0	1790777111059
2620	1357	1468	6409	0	0	0	0	1790777112421
2623	1363	1450	6426	0	0	0	0	1790777113765
2622	1366	0	6386	0	0	0	0	1790777114964
2603	1349	1476	6414	0	0	0	0	1790777116051
2611	1353	1480	6370	0	0	0	0	1790777117254
2617	1336	1427	6414	0	0	0	0	1790777118602
2617	1354	1457	6425	0	0	0	0	1790777119980
2608	1363	1468	6454	0	0	0	0	1790777121353
2622	1366	1447	0	0	0	0	0	1790777122658
2610	1368	1474	6455	0	0	0	0	1790777123758
2597	1339	1474	6402	0	0	0	0	1790777124834
2605	1350	1473	6405	0	0	0	0	1790777126132
2623	1359	1456	6424	0	0	0	0	1790777127474
2585	1332	1469	6431	0	0	0	0	1790777128838
2595	1344	1473	6357	0	0	0	0	1790777130208
2605	0	1494	6334	0	0	0	0	1790777131450
2578	1345	1438	6336	0	0	0	0	1790777132742
2587	1345	1448	6348	0	0	0	0	1790777134052
2591	1339	1470	6318	0	0	0	0	1790777135412
2592	1343	1467	6331	0	0	0	0	1790777136785
2588	1334	0	6350	0	0	0	0	1790777138058
2576	1346	1477	6288	0	0	0	0	1790777139173
2583	1353	1477	6294	0	0	0	0	1790777140534
2584	1326	1438	6260	0	0	0	0	1790777141913
2570	1339	1459	6247	0	0	0	0	1790777143289
2577	1356	1468	6204	0	0	0	0	1790777144646
2566	1316	1470	0	0	0	0	0	1790777145751
2570	1327	1476	6216	0	0	0	0	1790777146837
2553	1332	1481	6225	0	0	0	0	1790777147954
2559	1322	1452	6163	0	0	0	0	1790777149129
2559	1326	1462	6166	0	0	0	0	1790777150522
2560	1303	1469	6183	0	0	0	0	1790777151892
2542	1308	1474	6089	0	0	0	0	1790777153255
2548	0	1470	6010	0	0	0	0	1790777154533
2527	1308	1429	6021	0	0	0	0	1790777155776
2532	1311	1457	6018	0	0	0	0	1790777157107
2535	1314	1475	6021	0	0	0	0	1790777158438
2520	1290	1438	5961	0	0	0	0	1790777159814
2500	1296	0	5919	0	0	0	0	1790777161171
2514	1304	1466	5892	0	0	0	0	1790777162354
2498	1304	1465	5923	0	0	0	0	1790777163717
2504	1291	1434	5930	0	0	0	0	1790777165054
2505	1305	1450	5847	0	0	0	0	1790777166420
2507	1306	1448	0	0	0	0	0	1790777167870
2507	1288	1444	5853	0	0	0	0	1790777168902
2509	1299	1455	5888	0	0	0	0	1790777170028
2487	1305	1458	5848	0	0	0	0	1790777171889
2483	1311	1455	5832	0	0	0	0	1790777172244
2486	1316	1469	5751	0	0	0	0	1790777173545
2489	1306	1460	5779	0	0	0	0	1790777174907
2484	1299	1466	5788	0	0	0	0	1790777176248
2485	1304	1469	5809	0	0	0	0	1790777177587
2493	0	1425	5815	0	0	0	0	1790777178791
2458	1308	1446	5719	0	0	0	0	1790777180163
2464	1286	1462	5729	0	0	0	0	1790777181526
2474	1288	1455	5729	0	0	0	0	1790777182875
2457	1289	1459	5741	0	0	0	0	1790777184226
2465	1294	1475	0	0	0	0	0	1790777185542
2455	1307	1470	5643	0	0	0	0	1790777186890
2446	1304	0	5663	0	0	0	0	1790777188272
2451	1301	1448	0	0	0	0	0	1790777189632
2444	1298	0	5695	0	0	0	0	1790777190898
2437	1302	1454	5710	0	0	0	0	1790777191978
2445	1295	1456	5629	0	0	0	0	1790777193106
2451	1297	1428	5645	0	0	0	0	1790777194214
2432	1307	1446	5648	0	0	0	0	1790777195332
2441	1287	1438	5684	0	0	0	0	1790777196696
2452	1294	1440	5700	0	0	0	0	1790777198072
2452	1303	1454	5706	0	0	0	0	1790777199400
2430	1301	1464	5577	0	0	0	0	1790777200765
2438	0	1411	5635	0	0	0	0	1790777201978
2441	1269	1424	5659	0	0	0	0	1790777203368
2439	1283	1442	5608	0	0	0	0	1790777204740
2427	1290	1413	5612	0	0	0	0	1790777206071
2430	1299	1427	0	0	0	0	0	1790777207465
2430	1285	1455	5588	0	0	0	0	1790777208648
2423	1295	1441	5632	0	0	0	0	1790777209976
2430	1297	1411	5661	0	0	0	0	1790777212060
2432	1286	1427	5698	0	0	0	0	1790777212743
2415	1294	0	5718	0	0	0	0	1790777214072
2394	1300	1443	5550	0	0	0	0	1790777215165
2403	1299	1446	5551	0	0	0	0	1790777216273
2410	1290	1425	5565	0	0	0	0	1790777217368
2417	1299	1443	5580	0	0	0	0	1790777218455
2415	1296	1438	5608	0	0	0	0	1790777219807
2425	1289	1414	5640	0	0	0	0	1790777221186
2426	1308	1438	5488	0	0	0	0	1790777222569
2385	1299	1441	5403	0	0	0	0	1790777223921
2396	1274	1447	0	0	0	0	0	1790777225187
2411	1285	1445	5445	0	0	0	0	1790777226524
2381	1288	1443	5475	0	0	0	0	1790777227912
2389	1276	1451	5492	0	0	0	0	1790777229254
2419	0	1445	5546	0	0	0	0	1790777230594
2390	1289	1436	5593	0	0	0	0	1790777231765
2394	1292	1446	5548	0	0	0	0	1790777233097
2401	1299	1420	5551	0	0	0	0	1790777234511
2410	1281	1421	5580	0	0	0	0	1790777235861
2396	1290	0	5609	0	0	0	0	1790777237191
2371	1300	1428	5468	0	0	0	0	1790777238279
2381	1273	1449	5470	0	0	0	0	1790777239409
2387	1282	1400	5491	0	0	0	0	1790777240490
2393	1276	1421	5548	0	0	0	0	1790777241689
2392	1285	1437	5496	0	0	0	0	1790777243104
2378	1286	1403	5456	0	0	0	0	1790777244423
2384	1301	1423	5471	0	0	0	0	1790777245785
2367	1295	1428	0	0	0	0	0	1790777247093
2378	1298	1426	5500	0	0	0	0	1790777248298
2397	1301	1438	5523	0	0	0	0	1790777249637
2383	1306	1427	5534	0	0	0	0	1790777250968
2358	1279	1428	5528	0	0	0	0	1790777252336
2373	1289	1432	5532	0	0	0	0	1790777253669
2391	0	1440	5545	0	0	0	0	1790777254822
2377	1293	1424	5585	0	0	0	0	1790777256120
2385	1284	1413	5592	0	0	0	0	1790777257523
2397	1295	1426	5594	0	0	0	0	1790777258853
2371	1296	1438	5619	0	0	0	0	1790777260185
2373	1299	0	5598	0	0	0	0	1790777261432
2370	1277	1442	5510	0	0	0	0	1790777262550
2339	1285	1411	5417	0	0	0	0	1790777263649
2336	1297	1415	5344	0	0	0	0	1790777264981
2351	1297	1431	5398	0	0	0	0	1790777266317
2340	1290	1412	5430	0	0	0	0	1790777267746
2350	1296	1414	5442	0	0	0	0	1790777269096
2361	1305	1437	0	0	0	0	0	1790777270244
2362	1287	1437	5483	0	0	0	0	1790777271364
2364	1293	1385	5517	0	0	0	0	1790777272688
2365	1288	1409	5481	0	0	0	0	1790777274026
2359	1294	1409	5483	0	0	0	0	1790777275396
2345	1294	1416	5492	0	0	0	0	1790777276760
2327	0	1431	5419	0	0	0	0	1790777277972
2325	1285	1419	5366	0	0	0	0	1790777279084
2337	1297	1422	5401	0	0	0	0	1790777280474
2356	1298	1407	5452	0	0	0	0	1790777281819
2358	1304	1420	5461	0	0	0	0	1790777283146
2337	1307	1395	5399	0	0	0	0	1790777284488
2320	1299	0	5241	0	0	0	0	1790777285614
2315	1279	1418	5259	0	0	0	0	1790777286844
2323	1289	1391	5307	0	0	0	0	1790777288255
2337	1290	1409	5357	0	0	0	0	1790777289628
2342	1292	1414	5419	0	0	0	0	1790777290998
2341	1288	1374	0	0	0	0	0	1790777292245
2351	1296	1399	5461	0	0	0	0	1790777293332
2312	1277	1412	5393	0	0	0	0	1790777294442
2317	1284	1379	5250	0	0	0	0	1790777295711
2324	1290	1411	5307	0	0	0	0	1790777297048
2305	1270	1416	5288	0	0	0	0	1790777298442
2305	1290	1418	5209	0	0	0	0	1790777299772
2315	0	1425	5220	0	0	0	0	1790777301020
2317	1287	1419	5262	0	0	0	0	1790777302148
2323	1299	1385	5291	0	0	0	0	1790777303452
2328	1302	1412	5349	0	0	0	0	1790777304809
2332	1291	1404	5370	0	0	0	0	1790777306175
2326	1296	1391	5401	0	0	0	0	1790777307481
2338	1309	0	5406	0	0	0	0	1790777308780
2338	1284	1408	5401	0	0	0	0	1790777310119
2317	1289	1359	5402	0	0	0	0	1790777311490
2318	1288	1371	5285	0	0	0	0	1790777312872
2293	1288	1395	5290	0	0	0	0	1790777314215
2306	1294	1364	0	0	0	0	0	1790777315318
2317	1292	1374	5312	0	0	0	0	1790777316411
2319	1282	1390	5351	0	0	0	0	1790777317539
2322	1286	1385	5361	0	0	0	0	1790777318713
2334	1291	1387	5390	0	0	0	0	1790777320066
2302	1291	1401	5262	0	0	0	0	1790777321413
2286	1298	1397	5260	0	0	0	0	1790777322780
2293	1296	1354	5317	0	0	0	0	1790777324137
2310	0	1384	5343	0	0	0	0	1790777325230
2314	1261	1386	5359	0	0	0	0	1790777326523
2322	1280	1387	5377	0	0	0	0	1790777327883
2322	1281	1400	5387	0	0	0	0	1790777329258
2321	1292	1381	5398	0	0	0	0	1790777330664
2320	1294	1354	0	0	0	0	0	1790777331857
2296	1303	1367	5362	0	0	0	0	1790777333249
2278	1279	1372	5251	0	0	0	0	1790777334598
2282	1295	1393	5229	0	0	0	0	1790777335931
2298	1289	0	5203	0	0	0	0	1790777337328
2256	1295	1376	5244	0	0	0	0	1790777338461
2262	1295	1370	5232	0	0	0	0	1790777339529
2269	1286	1393	5176	0	0	0	0	1790777340618
2275	1287	1397	5239	0	0	0	0	1790777341734
2281	1293	1342	5284	0	0	0	0	1790777343061
2284	1284	1376	5218	0	0	0	0	1790777344414
2236	1287	1394	5150	0	0	0	0	1790777345801
2247	1288	1374	5177	0	0	0	0	1790777347139
2267	0	1386	5192	0	0	0	0	1790777348376
2262	1286	1388	5195	0	0	0	0	1790777349740
2261	1291	1364	5213	0	0	0	0	1790777351069
2278	1293	1368	5255	0	0	0	0	1790777352441
2281	1297	1362	5167	0	0	0	0	1790777353790
2247	1284	1378	0	0	0	0	0	1790777354957
2271	1290	1379	5148	0	0	0	0	1790777356305
2271	1292	1371	5176	0	0	0	0	1790777357654
2280	1299	1377	5222	0	0	0	0	1790777358986
2277	1286	1389	5236	0	0	0	0	1790777360350
2275	1287	0	5242	0	0	0	0	1790777361560
2280	1300	1330	5246	0	0	0	0	1790777362671
2265	1287	1360	5254	0	0	0	0	1790777363769
2223	1271	1383	5070	0	0	0	0	1790777364886
2236	1287	1333	5100	0	0	0	0	1790777366059
2240	1291	1362	5149	0	0	0	0	1790777367431
2249	1274	1357	5130	0	0	0	0	1790777368763
2231	1265	1365	5087	0	0	0	0	1790777370126
2250	1278	1377	0	0	0	0	0	1790777371477
2204	1287	1374	5130	0	0	0	0	1790777372859
2216	1290	1375	5024	0	0	0	0	1790777374207
2233	0	1334	5115	0	0	0	0	1790777375530
2257	1290	1346	0	0	0	0	0	1790777376888
2242	0	1351	5127	0	0	0	0	1790777378071
2237	1297	1361	5172	0	0	0	0	1790777379370
2244	1261	1366	5016	0	0	0	0	1790777380743
2212	1276	1373	5028	0	0	0	0	1790777382062
2213	1280	1381	4974	0	0	0	0	1790777383408
