2341	1158	4134	2617	0	0	0	0	1790894254823
2350	1169	4140	2616	0	0	0	0	1790894256165
2342	1171	4135	2643	0	0	0	0	1790894257521
2347	1159	4069	2616	0	0	0	0	1790894258814
2334	1165	0	2622	0	0	0	0	1790894260189
2319	1168	4095	0	0	0	0	0	1790894261535
2331	1169	4103	2650	0	0	0	0	1790894262878
2330	1174	4129	2622	0	0	0	0	1790894264219
2337	1174	0	2632	0	0	0	0	1790894265488
2331	1178	4133	2633	0	0	0	0	1790894266834
2302	1169	4095	2628	0	0	0	0	1790894268138
2310	1170	4074	2637	0	0	0	0	1790894269474
2324	1174	4091	2657	0	0	0	0	1790894270780
2331	0	4081	2628	0	0	0	0	1790894272007
2340	1158	4092	2592	0	0	0	0	1790894273111
2333	1164	4102	2613	0	0	0	0	1790894274174
2314	1145	4100	2592	0	0	0	0	1790894275293
2326	1153	4110	2557	0	0	0	0	1790894276495
2326	1154	4111	2596	0	0	0	0	1790894277856
2330	1154	4079	2595	0	0	0	0	1790894279237
2332	1158	4089	2598	0	0	0	0	1790894280573
2324	1150	4095	0	0	0	0	0	1790894281852
2323	1162	4095	2608	0	0	0	0	1790894283122
2328	1172	4095	2612	0	0	0	0	1790894284432
2333	1148	4113	2643	0	0	0	0	1790894285788
2337	1164	4135	2626	0	0	0	0	1790894287142
2317	1167	0	2624	0	0	0	0	1790894288380
2299	1171	4096	2643	0	0	0	0	1790894289616
2308	1174	4116	2654	0	0	0	0	1790894290933
2309	1176	4105	2618	0	0	0	0	1790894292213
2320	1139	4093	2617	0	0	0	0	1790894293618
2324	0	4088	2613	0	0	0	0	1790894294929
2307	1157	4100	2597	0	0	0	0	1790894296002
2320	1159	4104	2585	0	0	0	0	1790894297106
2321	1141	4097	2588	0	0	0	0	1790894298216
2326	1158	4046	2588	0	0	0	0	1790894299518
2331	1160	4071	2609	0	0	0	0	1790894300852
2315	1169	4073	2615	0	0	0	0	1790894302183
2320	1178	4080	2603	0	0	0	0	1790894303606
2323	1157	4070	0	0	0	0	0	1790894304755
2329	1165	4085	2618	0	0	0	0	1790894306164
2329	1173	4110	2613	0	0	0	0	1790894307477
2330	1162	4115	2615	0	0	0	0	1790894308830
2314	1142	4126	2642	0	0	0	0	1790894310221
2307	1152	0	2650	0	0	0	0	1790894311326
2315	1165	4073	2627	0	0	0	0	1790894312402
2322	1164	4070	2646	0	0	0	0	1790894313714
2324	1160	4099	2630	0	0	0	0	1790894315043
2324	1139	4106	2631	0	0	0	0	1790894316392
2312	1154	4107	2622	0	0	0	0	1790894317780
2316	0	4061	2638	0	0	0	0	1790894318951
2321	1131	4059	2615	0	0	0	0	1790894320047
2322	1148	4069	2628	0	0	0	0	1790894321212
2332	1151	4072	2575	0	0	0	0	1790894322581
2322	1162	4040	2581	0	0	0	0	1790894323968
2310	1165	4059	2608	0	0	0	0	1790894325301
2311	1151	4071	0	0	0	0	0	1790894326612
2322	1164	4082	2615	0	0	0	0	1790894327784
2330	1139	4094	2609	0	0	0	0	1790894329106
2330	1148	4112	2629	0	0	0	0	1790894330471
2309	1158	4101	2618	0	0	0	0	1790894331806
2314	1161	0	2627	0	0	0	0	1790894333171
2304	1151	4104	2615	0	0	0	0	1790894334262
2309	1163	4115	2617	0	0	0	0	1790894335348
2321	1175	4057	2617	0	0	0	0	1790894336565
2321	1148	4074	2637	0	0	0	0	1790894337931
2300	1145	4085	2618	0	0	0	0	1790894339315
2307	1126	4097	2607	0	0	0	0	1790894340659
2311	0	4072	2613	0	0	0	0	1790894341886
2322	1146	4070	2580	0	0	0	0	1790894342996
2322	1150	4075	2573	0	0	0	0	1790894344189
2306	1164	4057	2580	0	0	0	0	1790894345532
2322	1160	4015	2600	0	0	0	0	1790894346876
2326	1143	4036	2601	0	0	0	0	1790894348215
2316	1151	4061	0	0	0	0	0	1790894349514
2328	1154	4073	2626	0	0	0	0	1790894350640
2308	1162	4087	2630	0	0	0	0	1790894352018
2310	1121	4089	2618	0	0	0	0	1790894353332
2316	1134	4100	2641	0	0	0	0	1790894354677
2301	1148	4124	2624	0	0	0	0	1790894356050
2317	1164	0	2606	0	0	0	0	1790894357192
2311	1163	4053	2629	0	0	0	0	1790894358343
2302	1163	4069	2615	0	0	0	0	1790894359469
2317	1164	4076	2612	0	0	0	0	1790894361688
2319	1167	4083	2629	0	0	0	0	1790894362148
2306	1166	4048	2602	0	0	0	0	1790894363480
2305	0	4057	2601	0	0	0	0	1790894364822
2311	1153	4066	2540	0	0	0	0	1790894365940
2312	1155	4027	2559	0	0	0	0	1790894367062
2317	1165	4050	2574	0	0	0	0	1790894368403
2322	1163	4064	2584	0	0	0	0	1790894369784
2320	1168	4074	2616	0	0	0	0	1790894371144
2320	1136	4091	0	0	0	0	0	1790894372437
2316	1158	4073	2635	0	0	0	0	1790894373566
2320	1139	4106	2614	0	0	0	0	1790894374816
2316	1136	4094	2633	0	0	0	0	1790894376200
2297	1155	4102	2639	0	0	0	0	1790894377588
2308	1144	4078	2566	0	0	0	0	1790894378930
2303	1163	0	2602	0	0	0	0	1790894380143
2303	1144	4052	2608	0	0	0	0	1790894381216
2309	1159	4064	2608	0	0	0	0	1790894382311
2298	1159	4037	2618	0	0	0	0	1790894383667
2307	1138	4058	2628	0	0	0	0	1790894385011
2314	1127	4066	2583	0	0	0	0	1790894386368
2308	1143	4019	2594	0	0	0	0	1790894387726
2317	0	4030	2602	0	0	0	0	1790894388872
2310	1159	4046	2599	0	0	0	0	1790894389962
2316	1164	4031	2604	0	0	0	0	1790894391262
2317	1134	4049	2626	0	0	0	0	1790894392563
2318	1147	4061	2637	0	0	0	0	1790894393929
2304	1155	4064	2637	0	0	0	0	1790894395296
2314	1160	4089	0	0	0	0	0	1790894396544
2314	1161	4112	2643	0	0	0	0	1790894397907
2315	1142	4103	2649	0	0	0	0	1790894399246
2318	1162	4110	2577	0	0	0	0	1790894400640
2300	1156	0	2604	0	0	0	0	1790894401961
2309	1157	4086	2612	0	0	0	0	1790894403043
2290	1138	4049	2608	0	0	0	0	1790894404151
2299	1145	4067	2633	0	0	0	0	1790894405220
2307	1144	4078	2599	0	0	0	0	1790894406580
2301	1163	4023	2597	0	0	0	0	1790894407981
2300	1127	4003	2613	0	0	0	0	1790894409312
2309	1145	4025	2617	0	0	0	0	1790894410638
2320	0	4032	2595	0	0	0	0	1790894411789
2320	1152	4043	2616	0	0	0	0	1790894412939
2316	1141	4046	2610	0	0	0	0	1790894414285
2316	1154	4039	2630	0	0	0	0	1790894415657
2318	1158	4074	2637	0	0	0	0	1790894416993
2318	1150	4077	2611	0	0	0	0	1790894418336
2307	1141	4095	0	0	0	0	0	1790894419624
2312	1133	4095	2614	0	0	0	0	1790894420967
2308	1151	4068	2613	0	0	0	0	1790894422349
2282	1141	4048	2623	0	0	0	0	1790894423720
2309	1155	0	2608	0	0	0	0	1790894424873
2300	1152	4066	2628	0	0	0	0	1790894425968
2303	1160	4076	2642	0	0	0	0	1790894427082
2299	1159	4022	2621	0	0	0	0	1790894428161
2298	1160	4039	2567	0	0	0	0	1790894429516
2301	1142	4043	2558	0	0	0	0	1790894430869
2310	1154	4014	2569	0	0	0	0	1790894432205
2312	1157	4044	2586	0	0	0	0	1790894433584
2315	0	4024	2604	0	0	0	0	1790894434720
2316	1138	4031	2580	0	0	0	0	1790894435918
2321	1139	4047	2589	0	0	0	0	1790894437268
2316	1153	4038	2619	0	0	0	0	1790894438626
2319	1159	4068	2570	0	0	0	0	1790894440023
2313	1164	4092	0	0	0	0	0	1790894441257
2297	1143	4078	2597	0	0	0	0	1790894442608
2301	1158	4075	2615	0	0	0	0	1790894443914
2306	1122	4075	2596	0	0	0	0	1790894445258
2301	1137	4076	2608	0	0	0	0	1790894446613
2295	1138	0	2627	0	0	0	0	1790894447756
2304	1144	4062	2590	0	0	0	0	1790894448848
2299	1152	4008	2600	0	0	0	0	1790894449931
2307	1131	4028	2601	0	0	0	0	1790894451060
2303	1133	4039	2579	0	0	0	0	1790894452393
2309	1148	4022	2593	0	0	0	0	1790894453738
2309	1150	4027	2612	0	0	0	0	1790894455115
2313	1150	3992	2592	0	0	0	0	1790894456447
2314	0	4008	2600	0	0	0	0	1790894457576
2316	1165	4024	2609	0	0	0	0	1790894458872
2310	1131	4058	2607	0	0	0	0	1790894460235
2312	1163	4018	2606	0	0	0	0	1790894461573
2308	1128	4075	2620	0	0	0	0	1790894462911
2292	1120	4042	0	0	0	0	0	1790894464230
2305	1132	4026	2616	0	0	0	0	1790894465576
2305	1145	4042	2619	0	0	0	0	1790894466924
2293	1133	4026	2630	0	0	0	0	1790894468319
2303	1141	0	2639	0	0	0	0	1790894469609
2295	1153	4062	2575	0	0	0	0	1790894470706
2302	1158	4064	2584	0	0	0	0	1790894471785
2311	1150	4035	2587	0	0	0	0	1790894472905
2306	1152	4041	2577	0	0	0	0	1790894473983
2297	1143	4033	2595	0	0	0	0	1790894475241
2310	1159	4003	2598	0	0	0	0	1790894476560
2299	1161	4005	2600	0	0	0	0	1790894477887
2305	1142	4010	2617	0	0	0	0	1790894479263
2314	0	4015	2589	0	0	0	0	1790894480523
2303	1150	4022	2590	0	0	0	0	1790894481803
2315	1153	4057	2596	0	0	0	0	1790894483167
2304	1155	4046	2614	0	0	0	0	1790894484543
2294	1168	0	2618	0	0	0	0	1790894485901
2308	0	4048	2615	0	0	0	0	1790894487182
2298	1163	4049	2623	0	0	0	0	1790894488556
2298	1167	4015	2617	0	0	0	0	1790894489868
2305	1126	4028	2619	0	0	0	0	1790894491244
2296	1133	4025	0	0	0	0	0	1790894492529
2303	1152	4012	2620	0	0	0	0	1790894493648
2302	1149	4026	2587	0	0	0	0	1790894494717
2302	1163	4020	2573	0	0	0	0	1790894495840
2303	1150	3969	2593	0	0	0	0	1790894496916
2312	1157	3991	2572	0	0	0	0	1790894498112
2314	1152	4002	2577	0	0	0	0	1790894499488
2313	1170	4014	2602	0	0	0	0	1790894500810
2307	1138	3975	2582	0	0	0	0	1790894502178
2305	0	4012	2594	0	0	0	0	1790894503478
2313	1150	4025	2605	0	0	0	0	1790894504802
2311	1164	0	2623	0	0	0	0	1790894506165
2292	1175	4046	2602	0	0	0	0	1790894507430
2298	1162	4042	2624	0	0	0	0	1790894508798
2301	0	4047	2631	0	0	0	0	1790894510112
2290	1144	4048	0	0	0	0	0	1790894511478
2298	1145	4048	2611	0	0	0	0	1790894512800
2301	1149	4054	2617	0	0	0	0	1790894514133
2300	0	4054	2594	0	0	0	0	1790894515476
2295	1147	4003	2587	0	0	0	0	1790894516577
2295	1155	3985	2586	0	0	0	0	1790894517654
2303	1168	3997	2530	0	0	0	0	1790894518740
2307	1164	4002	2545	0	0	0	0	1790894519840
2311	1132	3952	2559	0	0	0	0	1790894521120
2309	1142	3992	2586	0	0	0	0	1790894522454
2309	1155	3997	2559	0	0	0	0	1790894523796
2313	1171	4007	2588	0	0	0	0	1790894525143
2312	1124	0	2597	0	0	0	0	1790894526432
2289	1148	4025	2613	0	0	0	0	1790894527776
2294	1144	4051	2626	0	0	0	0	1790894529143
2298	1159	4039	2610	0	0	0	0	1790894530475
2281	1151	4026	2606	0	0	0	0	1790894531861
2298	1159	4024	0	0	0	0	0	1790894532949
2285	1154	4025	2616	0	0	0	0	1790894534312
2294	1135	4029	2609	0	0	0	0	1790894535648
2304	1142	4036	2604	0	0	0	0	1790894537023
2299	1148	3968	2619	0	0	0	0	1790894538366
2300	0	3975	2601	0	0	0	0	1790894539519
2299	1166	3986	2603	0	0	0	0	1790894540607
2306	1169	3958	2609	0	0	0	0	1790894541695
2306	1138	3980	2535	0	0	0	0	1790894542796
2306	1140	3990	2567	0	0	0	0	1790894544101
2306	1153	4005	2584	0	0	0	0	1790894545441
2293	1158	4005	2597	0	0	0	0	1790894546784
2305	1155	4027	2617	0	0	0	0	1790894548111
2285	1155	4030	0	0	0	0	0	1790894549442
2291	1138	4017	2635	0	0	0	0	1790894550821
2297	1150	4048	2632	0	0	0	0	1790894552191
2299	1153	4056	2624	0	0	0	0	1790894553535
2296	1131	0	2624	0	0	0	0	1790894554817
2297	1141	4017	2575	0	0	0	0	1790894555885
2297	1143	4027	2602	0	0	0	0	1790894557186
2300	1138	3968	2618	0	0	0	0	1790894558561
2302	1149	3971	2557	0	0	0	0	1790894559950
2294	1160	3988	2578	0	0	0	0	1790894561261
2290	0	3956	2578	0	0	0	0	1790894562466
2302	1152	3988	2556	0	0	0	0	1790894563531
2310	1165	4005	2568	0	0	0	0	1790894564631
2288	1149	4009	2592	0	0	0	0	1790894565729
2292	1156	3996	2549	0	0	0	0	1790894567042
2303	1164	3998	2583	0	0	0	0	1790894568419
2297	1146	3990	2602	0	0	0	0	1790894569836
2306	1142	4016	2605	0	0	0	0	1790894571159
2300	1168	0	2607	0	0	0	0	1790894572448
2286	1164	4044	2624	0	0	0	0	1790894573796
2288	1167	4036	2615	0	0	0	0	1790894575139
2296	1150	4019	0	0	0	0	0	1790894576524
2292	1146	0	2609	0	0	0	0	1790894577761
2293	1158	3966	2623	0	0	0	0	1790894578847
2279	1133	3967	2552	0	0	0	0	1790894580065
2286	1143	3982	2583	0	0	0	0	1790894581410
2295	1151	3994	2572	0	0	0	0	1790894582748
2283	1152	3965	2573	0	0	0	0	1790894584128
2299	0	3979	2538	0	0	0	0	1790894585369
2300	1138	3972	2546	0	0	0	0	1790894586446
2284	1136	3977	2565	0	0	0	0	1790894587533
2296	1157	3986	2581	0	0	0	0	1790894588736
2286	1155	3998	2599	0	0	0	0	1790894590070
2292	1163	4001	2602	0	0	0	0	1790894591436
2303	1163	4027	2604	0	0	0	0	1790894592788
2279	1167	0	2626	0	0	0	0	1790894594104
2281	1155	4041	2581	0	0	0	0	1790894595449
2290	1160	3955	2587	0	0	0	0	1790894596812
2290	1141	3991	2590	0	0	0	0	1790894598166
2290	1150	3981	2595	0	0	0	0	1790894599531
2290	1137	3976	0	0	0	0	0	1790894600620
2291	1152	3994	2612	0	0	0	0	1790894601740
2294	1129	3966	2616	0	0	0	0	1790894602999
2292	1144	3943	2588	0	0	0	0	1790894604343
2293	1128	3968	2588	0	0	0	0	1790894605689
2297	1132	3982	2596	0	0	0	0	1790894607031
2284	0	3964	2544	0	0	0	0	1790894608289
2296	1146	3977	2551	0	0	0	0	1790894609376
2301	1135	3973	2580	0	0	0	0	1790894610455
2290	1145	3986	2593	0	0	0	0	1790894611766
2292	1153	3993	2596	0	0	0	0	1790894613092
2295	1157	3994	2615	0	0	0	0	1790894614402
2283	1168	4003	2600	0	0	0	0	1790894615755
2287	1147	0	2600	0	0	0	0	1790894617101
2287	1162	3979	0	0	0	0	0	1790894618425
2289	1132	0	2598	0	0	0	0	1790894619768
2290	1144	3949	2600	0	0	0	0	1790894621146
2291	1121	3987	0	0	0	0	0	1790894622458
2295	1140	3955	2622	0	0	0	0	1790894623553
2298	1136	3957	2595	0	0	0	0	1790894624639
2291	1149	3966	2549	0	0	0	0	1790894625868
2293	1156	3978	2571	0	0	0	0	1790894627221
2297	1148	3947	2558	0	0	0	0	1790894628565
2276	1158	3968	2559	0	0	0	0	1790894629933
2293	0	3983	2586	0	0	0	0	1790894631181
2285	1157	3977	2587	0	0	0	0	1790894632311
2286	1165	4001	2588	0	0	0	0	1790894633367
2293	1169	4004	2603	0	0	0	0	1790894634682
2289	1144	4002	2609	0	0	0	0	1790894636027
2291	1154	4006	2612	0	0	0	0	1790894637394
2297	1122	3964	2622	0	0	0	0	1790894638731
2270	1131	3962	0	0	0	0	0	1790894640046
2282	1134	3926	2591	0	0	0	0	1790894641397
2272	1143	3944	2602	0	0	0	0	1790894642751
2279	1140	3949	2609	0	0	0	0	1790894644151
2286	1138	0	2616	0	0	0	0	1790894645368
2280	1150	3980	2598	0	0	0	0	1790894646434
2291	1150	3975	2590	0	0	0	0	1790894647544
2292	1159	3949	2559	0	0	0	0	1790894648760
2275	1136	3975	2549	0	0	0	0	1790894650146
2280	1153	3974	2569	0	0	0	0	1790894651479
2286	1136	3956	2577	0	0	0	0	1790894652823
2291	0	3968	2578	0	0	0	0	1790894654092
2295	1141	3975	2604	0	0	0	0	1790894655152
2278	1156	3997	2616	0	0	0	0	1790894656254
2282	1140	3979	2607	0	0	0	0	1790894657590
2285	1157	4011	2606	0	0	0	0	1790894659001
2288	1151	3936	2617	0	0	0	0	1790894660344
2266	1150	3956	2589	0	0	0	0	1790894661677
2283	1139	0	2613	0	0	0	0	1790894662986
2263	1145	3967	0	0	0	0	0	1790894664344
2278	1154	0	2632	0	0	0	0	1790894665676
2279	1158	3959	0	0	0	0	0	1790894667031
2280	1154	0	2573	0	0	0	0	1790894668280
2286	1156	3974	2569	0	0	0	0	1790894669368
2284	1141	3976	2557	0	0	0	0	1790894670472
2284	1157	3981	2549	0	0	0	0	1790894671549
2288	1154	3939	2545	0	0	0	0	1790894672869
2285	1148	3955	2572	0	0	0	0	1790894674198
2291	1136	3965	2557	0	0	0	0	1790894675566
2291	1149	3943	2571	0	0	0	0	1790894676869
2284	0	3962	2595	0	0	0	0	1790894678092
2288	1158	3985	2592	0	0	0	0	1790894679309
2289	1165	3977	2601	0	0	0	0	1790894680643
2280	1165	3984	2601	0	0	0	0	1790894681964
2273	1119	3961	2601	0	0	0	0	1790894683311
2283	1145	3930	2612	0	0	0	0	1790894684685
2276	1156	0	2614	0	0	0	0	1790894685890
2284	1157	3932	2607	0	0	0	0	1790894687212
2280	1155	3941	2609	0	0	0	0	1790894688593
2278	1136	3940	2615	0	0	0	0	1790894689924
2287	1147	3949	2567	0	0	0	0	1790894691213
2288	1158	3962	0	0	0	0	0	1790894692325
2292	1160	3956	2586	0	0	0	0	1790894693441
2281	1142	3973	2554	0	0	0	0	1790894694531
2284	1144	3950	2569	0	0	0	0	1790894695660
2282	1156	3938	2569	0	0	0	0	1790894697006
2290	1162	3960	2594	0	0	0	0	1790894698381
2290	1147	3964	2587	0	0	0	0	1790894699747
2279	0	3988	2594	0	0	0	0	1790894701090
2273	1148	3954	2594	0	0	0	0	1790894702212
2278	1156	3973	2616	0	0	0	0	1790894703596
2285	1154	3937	2584	0	0	0	0	1790894704953
2270	1165	3948	2609	0	0	0	0	1790894706283
2282	1149	0	2621	0	0	0	0	1790894707628
2275	1161	3897	2598	0	0	0	0	1790894708813
2259	1163	3921	2601	0	0	0	0	1790894710159
2277	1147	3943	2603	0	0	0	0	1790894711470
2281	1155	3946	2567	0	0	0	0	1790894712813
2287	1148	3953	0	0	0	0	0	1790894714167
2278	1137	3942	2552	0	0	0	0	1790894715248
2278	1147	3948	2570	0	0	0	0	1790894716346
2281	1144	3957	2541	0	0	0	0	1790894717431
2285	1159	3932	2551	0	0	0	0	1790894718571
2287	1128	3949	2577	0	0	0	0	1790894719917
2283	1140	3960	2578	0	0	0	0	1790894721232
2280	1143	3984	2587	0	0	0	0	1790894722593
2278	1152	3978	2590	0	0	0	0	1790894723918
2270	0	3966	2599	0	0	0	0	1790894725168
2279	1130	3903	2609	0	0	0	0	1790894726564
2263	1157	3920	2637	0	0	0	0	1790894727885
2276	1147	3925	2610	0	0	0	0	1790894729233
2257	1158	0	2593	0	0	0	0	1790894730582
2266	1151	3929	2590	0	0	0	0	1790894731725
2280	1161	3938	2601	0	0	0	0	1790894733036
