2288	1443	1413	8127	0	0	0	0	1787765620528
2261	1446	1371	8057	0	0	0	0	1787765621905
2253	1426	1323	8062	0	0	0	0	1787765623317
2254	1343	1218	8106	0	0	0	0	1787765624589
2237	1310	1295	0	0	0	0	0	1787765625944
2239	1374	1352	8083	0	0	0	0	1787765627365
2235	1399	1361	8083	0	0	0	0	1787765628693
2242	1411	1366	7962	0	0	0	0	1787765630037
2177	1354	0	7982	0	0	0	0	1787765631361
2204	0	1340	7991	0	0	0	0	1787765632743
2223	1353	0	8012	0	0	0	0	1787765634107
2158	1377	1363	7963	0	0	0	0	1787765635542
2203	0	1314	7972	0	0	0	0	1787765636832
2206	1387	0	7890	0	0	0	0	1787765638005
2219	1382	1284	7911	0	0	0	0	1787765639117
2194	1250	1306	7936	0	0	0	0	1787765640183
2210	1308	1341	7924	0	0	0	0	1787765641316
2220	1385	1352	7964	0	0	0	0	1787765642501
2188	1391	1381	7843	0	0	0	0	1787765643879
2192	1419	1291	7858	0	0	0	0	1787765645330
2221	1304	1258	7924	0	0	0	0	1787765646691
2198	1337	1319	0	0	0	0	0	1787765647948
2210	1370	1347	7938	0	0	0	0	1787765649266
2208	1404	1363	7944	0	0	0	0	1787765650564
2202	1408	1320	7843	0	0	0	0	1787765651922
2207	1294	1277	7857	0	0	0	0	1787765653290
2193	1308	0	7877	0	0	0	0	1787765654582
2214	1380	1326	7909	0	0	0	0	1787765655928
2156	1385	1371	7831	0	0	0	0	1787765657306
2192	1402	1371	7872	0	0	0	0	1787765658642
2197	1267	1276	7856	0	0	0	0	1787765660013
2205	0	1290	7855	0	0	0	0	1787765661201
2183	1297	1322	7884	0	0	0	0	1787765662316
2191	1344	1342	7891	0	0	0	0	1787765663459
2208	1401	1354	7817	0	0	0	0	1787765664602
2209	1330	1353	7824	0	0	0	0	1787765665978
2144	1336	1291	7833	0	0	0	0	1787765667356
2180	1312	1307	7867	0	0	0	0	1787765668702
2198	1337	1342	7890	0	0	0	0	1787765670011
2191	1372	1354	0	0	0	0	0	1787765671159
2183	1401	1350	7854	0	0	0	0	1787765672428
2187	1337	1258	7826	0	0	0	0	1787765673809
2209	1352	1277	7805	0	0	0	0	1787765675176
2184	1327	1316	7813	0	0	0	0	1787765676567
2188	1359	0	7864	0	0	0	0	1787765677879
2172	1377	1366	7846	0	0	0	0	1787765679290
2176	1387	1370	7756	0	0	0	0	1787765680542
2184	1320	1316	7762	0	0	0	0	1787765681963
2190	0	1295	7803	0	0	0	0	1787765683319
2189	1329	1340	7837	0	0	0	0	1787765684441
2167	1384	1355	7855	0	0	0	0	1787765685539
2182	1390	1353	7768	0	0	0	0	1787765686635
2184	1346	1330	7721	0	0	0	0	1787765687993
2160	1304	1268	7765	0	0	0	0	1787765689338
2174	1339	1318	7809	0	0	0	0	1787765690707
2194	1371	1363	7831	0	0	0	0	1787765691999
2161	1411	1328	0	0	0	0	0	1787765693323
2179	1345	1307	7806	0	0	0	0	1787765694379
2174	1343	1323	7745	0	0	0	0	1787765695587
2183	1304	1337	7769	0	0	0	0	1787765696947
2189	1356	1342	7791	0	0	0	0	1787765698321
2143	1380	1374	7822	0	0	0	0	1787765699704
2178	0	1301	7776	0	0	0	0	1787765701005
2157	1348	0	7744	0	0	0	0	1787765702371
2168	0	1327	7757	0	0	0	0	1787765703719
2177	1272	1349	7790	0	0	0	0	1787765705106
2147	1380	0	7794	0	0	0	0	1787765706506
2174	0	1356	7830	0	0	0	0	1787765707683
2173	1382	1354	7821	0	0	0	0	1787765708781
2173	1343	1252	7770	0	0	0	0	1787765709947
2152	1279	1283	7774	0	0	0	0	1787765711363
2155	1332	1342	7807	0	0	0	0	1787765712682
2170	1352	1359	7827	0	0	0	0	1787765714025
2149	1378	1318	7715	0	0	0	0	1787765715403
2183	1311	1288	0	0	0	0	0	1787765716600
2158	1311	1310	7748	0	0	0	0	1787765717686
2159	1334	1330	7654	0	0	0	0	1787765718784
2165	1389	1343	7696	0	0	0	0	1787765720208
2152	1384	1350	7739	0	0	0	0	1787765721542
2161	1372	1272	7766	0	0	0	0	1787765722874
2166	1340	1265	7727	0	0	0	0	1787765724256
2179	1340	0	7730	0	0	0	0	1787765725570
2149	1370	1341	7689	0	0	0	0	1787765726930
2130	0	1357	7726	0	0	0	0	1787765728274
2157	1325	0	7758	0	0	0	0	1787765729604
2150	0	1322	7709	0	0	0	0	1787765730964
2158	1336	1255	7717	0	0	0	0	1787765732096
2166	1306	1305	7733	0	0	0	0	1787765733340
2148	1356	1346	7705	0	0	0	0	1787765734674
2161	1369	1320	7764	0	0	0	0	1787765736050
2145	1384	1301	7727	0	0	0	0	1787765737472
2180	1253	1308	0	0	0	0	0	1787765738702
2149	1282	1333	7694	0	0	0	0	1787765739808
2124	1342	1352	7708	0	0	0	0	1787765740933
2161	1376	1358	7718	0	0	0	0	1787765742048
2147	1377	1311	7695	0	0	0	0	1787765743283
2145	1338	1292	7735	0	0	0	0	1787765744712
2155	1306	1307	7720	0	0	0	0	1787765746090
2152	1344	1341	7708	0	0	0	0	1787765747468
2165	1364	0	7694	0	0	0	0	1787765748758
2125	1368	1354	7733	0	0	0	0	1787765750096
2158	1336	1355	7740	0	0	0	0	1787765751441
2136	1273	1260	7691	0	0	0	0	1787765752841
2153	0	1270	7658	0	0	0	0	1787765754155
2161	1322	1309	7680	0	0	0	0	1787765755459
2161	1363	1354	7692	0	0	0	0	1787765756815
2167	1371	1337	7702	0	0	0	0	1787765758131
2159	1376	1304	7726	0	0	0	0	1787765759521
2148	1286	1243	0	0	0	0	0	1787765760789
2146	1299	1296	7681	0	0	0	0	1787765761845
2144	1368	1337	7649	0	0	0	0	1787765762997
2166	1377	1345	7669	0	0	0	0	1787765764097
2130	1383	1302	7693	0	0	0	0	1787765765183
2130	1256	1260	7739	0	0	0	0	1787765766627
2161	1291	1298	7585	0	0	0	0	1787765767953
2141	1333	1345	7628	0	0	0	0	1787765769334
2132	1382	1303	7638	0	0	0	0	1787765770676
2140	1321	0	7645	0	0	0	0	1787765771990
2148	1335	1301	7675	0	0	0	0	1787765773359
2154	1311	1260	7621	0	0	0	0	1787765774704
2119	0	1367	7663	0	0	0	0	1787765776051
2153	1360	1357	0	0	0	0	0	1787765777378
2126	1402	0	7583	0	0	0	0	1787765778743
2139	1321	1278	7617	0	0	0	0	1787765780144
2146	1321	1279	7679	0	0	0	0	1787765781513
2148	0	1298	7703	0	0	0	0	1787765782879
2147	1357	1327	7616	0	0	0	0	1787765783966
2129	1374	1365	7616	0	0	0	0	1787765785139
2145	1374	1318	7536	0	0	0	0	1787765786230
2149	1386	1251	7573	0	0	0	0	1787765787295
2104	1299	1285	7644	0	0	0	0	1787765788493
2134	1311	1346	7654	0	0	0	0	1787765789912
2142	1346	1366	7630	0	0	0	0	1787765791304
2124	1383	1317	7635	0	0	0	0	1787765792705
2144	1354	1249	0	0	0	0	0	1787765793940
2110	1298	1267	7644	0	0	0	0	1787765795202
