1782	1675	1153	1993	0	0	0	0	1790951289371
1775	1680	1172	1931	0	0	0	0	1790951290776
1765	1727	1173	1962	0	0	0	0	1790951292043
1770	1612	1108	2001	0	0	0	0	1790951293473
1764	0	1152	1930	0	0	0	0	1790951294719
1767	1667	1159	1971	0	0	0	0	1790951296085
1758	1673	1153	2002	0	0	0	0	1790951297586
1758	1680	1169	1964	0	0	0	0	1790951298803
1762	1664	0	1979	0	0	0	0	1790951300236
1757	1682	1134	1987	0	0	0	0	1790951301452
1761	1672	1139	1979	0	0	0	0	1790951302912
1752	1694	1162	0	0	0	0	0	1790951304351
1753	1698	0	1997	0	0	0	0	1790951305611
1751	1666	1164	0	0	0	0	0	1790951306989
1759	1675	1176	1988	0	0	0	0	1790951308026
1756	1693	1196	1992	0	0	0	0	1790951309249
1757	1660	1101	1979	0	0	0	0	1790951310377
1728	1666	1152	1939	0	0	0	0	1790951311417
1742	1666	1157	1988	0	0	0	0	1790951312695
1742	1669	1147	1990	0	0	0	0	1790951314192
1761	1678	1168	1990	0	0	0	0	1790951315600
1752	1719	1148	1966	0	0	0	0	1790951316889
1738	0	1142	1980	0	0	0	0	1790951318250
1744	1585	1172	1905	0	0	0	0	1790951319489
1760	1619	1154	1943	0	0	0	0	1790951320866
1759	1670	1156	1990	0	0	0	0	1790951322210
1755	1597	1179	1930	0	0	0	0	1790951323544
1740	1660	1145	0	0	0	0	0	1790951324898
1749	1689	0	2003	0	0	0	0	1790951326240
1749	1582	1143	0	0	0	0	0	1790951327574
1751	1643	1135	2003	0	0	0	0	1790951329008
1753	1668	0	2006	0	0	0	0	1790951330436
1755	1669	1145	0	0	0	0	0	1790951331572
1755	1627	1169	1933	0	0	0	0	1790951332635
1754	1673	1134	1962	0	0	0	0	1790951333842
1753	1593	1149	2004	0	0	0	0	1790951334996
1748	1671	1169	1958	0	0	0	0	1790951336268
1751	1693	1155	1972	0	0	0	0	1790951337578
1751	1595	1126	1988	0	0	0	0	1790951339020
1747	1642	1157	1986	0	0	0	0	1790951340372
1750	0	1153	1989	0	0	0	0	1790951341610
1749	1673	1157	1999	0	0	0	0	1790951342823
1748	1663	1178	1920	0	0	0	0	1790951344254
1737	1691	1146	1956	0	0	0	0	1790951345617
1739	1690	1110	1969	0	0	0	0	1790951346994
1761	1653	1163	0	0	0	0	0	1790951348314
1726	1667	1065	1975	0	0	0	0	1790951349768
1736	1706	1131	1912	0	0	0	0	1790951351132
1747	1587	1162	1945	0	0	0	0	1790951352333
1755	1659	1073	1950	0	0	0	0	1790951353851
1747	1687	0	1927	0	0	0	0	1790951355162
1723	1602	1122	1959	0	0	0	0	1790951356172
1747	1655	1163	1980	0	0	0	0	1790951357225
1749	1674	1097	1989	0	0	0	0	1790951358440
1754	1667	1112	2020	0	0	0	0	1790951359661
1752	1674	1160	1980	0	0	0	0	1790951360940
1731	1687	1090	1908	0	0	0	0	1790951362260
1738	1594	1143	1975	0	0	0	0	1790951363812
1758	0	1164	1974	0	0	0	0	1790951365071
1729	1645	1074	1985	0	0	0	0	1790951366262
1746	1668	1120	1992	0	0	0	0	1790951367595
1730	1603	1166	1996	0	0	0	0	1790951369043
1747	1655	1069	1980	0	0	0	0	1790951370421
1751	1673	1129	1994	0	0	0	0	1790951371743
1717	1664	1154	0	0	0	0	0	1790951372937
1738	1680	1144	1986	0	0	0	0	1790951374417
1746	1703	1159	1943	0	0	0	0	1790951375785
1746	1565	1173	1973	0	0	0	0	1790951377064
1727	1623	0	1975	0	0	0	0	1790951378568
1736	1654	1135	1989	0	0	0	0	1790951379752
1744	1599	1142	2001	0	0	0	0	1790951380779
1749	1649	1167	1987	0	0	0	0	1790951381834
1749	1666	1132	1994	0	0	0	0	1790951383152
1750	1664	1150	1997	0	0	0	0	1790951384659
1753	1681	1174	2021	0	0	0	0	1790951385895
1752	1679	1084	1936	0	0	0	0	1790951387327
1745	0	1124	1966	0	0	0	0	1790951388667
1749	1653	1139	1978	0	0	0	0	1790951389786
1748	1700	1082	2014	0	0	0	0	1790951391140
1755	1648	1141	2016	0	0	0	0	1790951392439
1745	1663	1176	1995	0	0	0	0	1790951393871
1751	1695	1084	1948	0	0	0	0	1790951395235
1745	1653	1132	0	0	0	0	0	1790951396537
1752	1656	1150	1975	0	0	0	0	1790951397774
1747	1707	1146	1994	0	0	0	0	1790951399277
1747	1594	1161	2006	0	0	0	0	1790951400556
1747	1628	1178	1948	0	0	0	0	1790951401846
1748	1660	0	1993	0	0	0	0	1790951403188
1744	1684	1090	1997	0	0	0	0	1790951404402
1746	1661	1134	1999	0	0	0	0	1790951405444
1749	1671	1169	1996	0	0	0	0	1790951406640
1751	1676	1081	1992	0	0	0	0	1790951408140
1715	1662	1144	2006	0	0	0	0	1790951409521
1737	1685	1147	2007	0	0	0	0	1790951410799
1735	0	1129	2014	0	0	0	0	1790951412180
1743	1648	1140	1937	0	0	0	0	1790951413256
1756	1653	1150	1959	0	0	0	0	1790951414544
1729	1658	1074	2005	0	0	0	0	1790951415812
1744	1683	1142	1967	0	0	0	0	1790951417147
1736	1651	1162	2004	0	0	0	0	1790951418662
1752	1656	1081	2009	0	0	0	0	1790951419962
1748	1666	1146	0	0	0	0	0	1790951421222
1735	1659	1134	2010	0	0	0	0	1790951422564
1740	1700	1138	2008	0	0	0	0	1790951424058
1737	1659	1146	1961	0	0	0	0	1790951425295
1742	1660	0	1985	0	0	0	0	1790951426609
1729	1629	1158	1992	0	0	0	0	1790951427790
1747	1644	1072	1999	0	0	0	0	1790951429026
1726	1656	1125	1927	0	0	0	0	1790951430195
1733	1688	1162	1969	0	0	0	0	1790951431524
1739	1586	1146	1993	0	0	0	0	1790951432922
1754	1653	1159	1987	0	0	0	0	1790951434374
1740	0	1173	1989	0	0	0	0	1790951435610
1744	1640	1085	1997	0	0	0	0	1790951436855
1734	1651	1145	1963	0	0	0	0	1790951437918
1738	1663	1101	2001	0	0	0	0	1790951439340
1717	1707	1120	2000	0	0	0	0	1790951440618
1726	1592	1146	2002	0	0	0	0	1790951441971
1736	1647	1180	0	0	0	0	0	1790951443379
1739	1689	1088	1992	0	0	0	0	1790951444593
1740	1575	1133	1996	0	0	0	0	1790951445893
1748	1616	1164	1933	0	0	0	0	1790951447205
1749	1657	1082	1987	0	0	0	0	1790951448721
1743	1638	1120	1991	0	0	0	0	1790951450002
1744	1651	0	1929	0	0	0	0	1790951451245
1739	1674	1146	1965	0	0	0	0	1790951452395
1737	1587	1085	2008	0	0	0	0	1790951453685
1750	1633	1136	1998	0	0	0	0	1790951455059
1719	1664	1158	2002	0	0	0	0	1790951456365
1728	1638	1095	1981	0	0	0	0	1790951457889
1735	0	1128	1942	0	0	0	0	1790951459020
1739	1675	1153	1978	0	0	0	0	1790951460153
1738	1680	1083	1986	0	0	0	0	1790951461409
1741	1600	1129	1989	0	0	0	0	1790951462787
1745	1667	1148	1990	0	0	0	0	1790951464249
1744	1689	1090	2000	0	0	0	0	1790951465542
1742	1574	1138	0	0	0	0	0	1790951466902
1742	1636	1124	1975	0	0	0	0	1790951467949
1738	1662	1134	1985	0	0	0	0	1790951469420
1734	1657	1147	2017	0	0	0	0	1790951470633
1735	1681	1141	1982	0	0	0	0	1790951472077
1738	1659	1141	1935	0	0	0	0	1790951473524
1714	1662	0	1962	0	0	0	0	1790951474730
1733	1673	1159	1972	0	0	0	0	1790951475765
1721	1685	1122	1989	0	0	0	0	1790951476959
1738	1584	1138	1982	0	0	0	0	1790951478466
1710	1632	1170	1928	0	0	0	0	1790951479771
1725	1666	1172	1961	0	0	0	0	1790951481069
1730	1633	1072	1998	0	0	0	0	1790951482584
1712	0	1113	1979	0	0	0	0	1790951483639
1733	1667	1137	1983	0	0	0	0	1790951484946
1737	1675	1130	1996	0	0	0	0	1790951486235
1730	1571	1167	1989	0	0	0	0	1790951487698
1735	1629	1095	1996	0	0	0	0	1790951489086
1729	1662	1118	2004	0	0	0	0	1790951490399
1721	1651	1157	0	0	0	0	0	1790951491524
1730	1669	1145	2026	0	0	0	0	1790951492696
1735	1701	1142	1949	0	0	0	0	1790951494212
1747	1570	1158	1967	0	0	0	0	1790951495408
1713	1627	1137	1999	0	0	0	0	1790951496888
1724	1661	1142	1949	0	0	0	0	1790951498292
1745	1580	0	1972	0	0	0	0	1790951499372
1706	1627	1170	1982	0	0	0	0	1790951500484
1727	1683	1139	1987	0	0	0	0	1790951501809
1710	1576	1154	2030	0	0	0	0	1790951503270
1730	1641	1169	1954	0	0	0	0	1790951504604
1715	1651	1112	1938	0	0	0	0	1790951506004
1727	0	1119	1964	0	0	0	0	1790951507218
1729	1655	1145	1965	0	0	0	0	1790951508374
1733	1687	1112	1959	0	0	0	0	1790951509774
1738	1646	1126	1979	0	0	0	0	1790951511061
1715	1605	1155	1987	0	0	0	0	1790951512526
1729	1645	1124	0	0	0	0	0	1790951513870
1739	1670	1102	1987	0	0	0	0	1790951515061
1732	1656	1163	2006	0	0	0	0	1790951516126
1733	1670	1072	1966	0	0	0	0	1790951517620
1734	1654	1105	1923	0	0	0	0	1790951518994
1704	1654	1166	1971	0	0	0	0	1790951520295
1713	1679	0	1995	0	0	0	0	1790951521650
1714	1670	1079	1924	0	0	0	0	1790951522870
1723	1653	1126	1965	0	0	0	0	1790951524012
1725	1654	1149	1999	0	0	0	0	1790951525310
1730	1646	1115	1950	0	0	0	0	1790951526764
1733	1668	1139	1970	0	0	0	0	1790951528195
1733	0	1157	1995	0	0	0	0	1790951529461
1725	1680	1119	1935	0	0	0	0	1790951530673
1727	1646	1125	1957	0	0	0	0	1790951531794
1728	1655	1145	1975	0	0	0	0	1790951533314
1726	1670	1138	1986	0	0	0	0	1790951534645
1729	1686	1158	1987	0	0	0	0	1790951535954
1731	1658	1164	0	0	0	0	0	1790951537275
1721	1677	1109	1960	0	0	0	0	1790951538487
1721	1580	1126	1976	0	0	0	0	1790951539667
1729	1644	1142	1940	0	0	0	0	1790951540795
1729	1634	1140	1984	0	0	0	0	1790951542281
1729	1645	1151	1992	0	0	0	0	1790951543630
1735	1645	1160	1923	0	0	0	0	1790951544937
1728	1650	0	1952	0	0	0	0	1790951546293
1730	1631	1111	1968	0	0	0	0	1790951547547
1723	1663	1132	1915	0	0	0	0	1790951548955
1724	1671	1176	1966	0	0	0	0	1790951550224
1725	1640	1055	1978	0	0	0	0	1790951551633
1725	0	1112	1978	0	0	0	0	1790951553029
1728	1654	1127	1992	0	0	0	0	1790951554081
1721	1673	1101	2004	0	0	0	0	1790951555381
1697	1659	1117	1981	0	0	0	0	1790951556729
1711	1660	1156	1990	0	0	0	0	1790951558190
1720	1647	1082	1991	0	0	0	0	1790951559501
1726	1649	1116	0	0	0	0	0	1790951560814
1729	1652	1163	1949	0	0	0	0	1790951561861
1728	1691	1066	1971	0	0	0	0	1790951563063
1726	1574	1120	2014	0	0	0	0	1790951564267
1724	1645	1117	1924	0	0	0	0	1790951565524
1723	1645	1117	1962	0	0	0	0	1790951567020
1724	1653	1130	1975	0	0	0	0	1790951568364
1716	1661	1155	1997	0	0	0	0	1790951569652
1710	1681	0	1997	0	0	0	0	1790951570888
1709	1578	1062	1929	0	0	0	0	1790951572306
1720	1638	1102	1950	0	0	0	0	1790951573688
1721	1657	1134	1970	0	0	0	0	1790951575016
1728	1637	1131	1974	0	0	0	0	1790951576402
1717	0	1131	1973	0	0	0	0	1790951577588
1728	1686	1149	1983	0	0	0	0	1790951578951
1723	1664	1082	1986	0	0	0	0	1790951580228
1724	1615	1125	1978	0	0	0	0	1790951581665
1723	1638	1127	1987	0	0	0	0	1790951583048
1725	1643	1066	1989	0	0	0	0	1790951584357
1719	1646	1119	0	0	0	0	0	1790951585474
1719	1659	1140	1968	0	0	0	0	1790951586505
1722	1670	1083	1912	0	0	0	0	1790951587783
1721	1632	1146	1943	0	0	0	0	1790951589048
1699	1660	1126	1963	0	0	0	0	1790951590306
1714	1660	1105	1981	0	0	0	0	1790951591812
1717	1632	1139	1984	0	0	0	0	1790951593144
1687	1630	0	1986	0	0	0	0	1790951594336
1707	1650	1165	1993	0	0	0	0	1790951595618
1715	1650	1074	1987	0	0	0	0	1790951597108
1730	1660	1128	1958	0	0	0	0	1790951598451
1721	1686	1139	1977	0	0	0	0	1790951599756
1683	0	1078	1972	0	0	0	0	1790951601167
1701	1623	1124	1998	0	0	0	0	1790951602268
1706	1653	1145	1924	0	0	0	0	1790951603711
1708	1667	1063	1981	0	0	0	0	1790951604952
1712	1653	1098	1890	0	0	0	0	1790951606410
1719	1670	1134	0	0	0	0	0	1790951607764
1720	1701	1081	1938	0	0	0	0	1790951608999
1721	1567	1119	1990	0	0	0	0	1790951609996
1700	1629	1133	1886	0	0	0	0	1790951611027
1711	1627	1044	1931	0	0	0	0	1790951612423
1715	1631	1103	1961	0	0	0	0	1790951613831
1726	1650	1131	1962	0	0	0	0	1790951615101
1715	1671	1072	1970	0	0	0	0	1790951616564
1685	0	1122	1938	0	0	0	0	1790951617895
1710	1591	1142	1951	0	0	0	0	1790951619198
1712	1688	0	1968	0	0	0	0	1790951620563
1708	0	1119	1982	0	0	0	0	1790951622048
1711	1562	0	1949	0	0	0	0	1790951623347
1716	1621	1143	1933	0	0	0	0	1790951624570
1727	1652	1074	1960	0	0	0	0	1790951625742
1716	1646	1118	1957	0	0	0	0	1790951627171
1711	1661	1132	1964	0	0	0	0	1790951628497
1717	1670	1099	1975	0	0	0	0	1790951629804
1730	1579	1149	0	0	0	0	0	1790951631223
1716	1631	1074	1958	0	0	0	0	1790951632405
1709	1681	1108	1971	0	0	0	0	1790951633607
1693	1579	1140	1982	0	0	0	0	1790951634659
1714	1657	1132	1997	0	0	0	0	1790951635768
1689	1641	1135	1929	0	0	0	0	1790951637280
1699	1567	1149	1929	0	0	0	0	1790951638625
1707	1618	1122	1948	0	0	0	0	1790951639881
1717	1636	0	1966	0	0	0	0	1790951641376
1717	0	1149	1977	0	0	0	0	1790951642654
1703	1623	1085	1983	0	0	0	0	1790951643991
1715	1649	0	1938	0	0	0	0	1790951645367
1716	0	1133	1963	0	0	0	0	1790951646783
1713	1633	0	1955	0	0	0	0	1790951647991
1709	1672	1109	1995	0	0	0	0	1790951650557
1705	1632	1081	1934	0	0	0	0	1790951651478
1715	1645	1134	1956	0	0	0	0	1790951652104
1703	1676	1107	1964	0	0	0	0	1790951653428
1705	1657	1117	1913	0	0	0	0	1790951654794
1708	1639	1149	0	0	0	0	0	1790951655828
1715	1640	1097	1961	0	0	0	0	1790951656990
1716	1651	1110	1973	0	0	0	0	1790951658230
1716	1656	1132	1916	0	0	0	0	1790951659365
1711	1624	1116	1927	0	0	0	0	1790951660610
1717	1657	1127	1952	0	0	0	0	1790951662030
1716	1659	1147	1957	0	0	0	0	1790951663416
1724	1639	1089	1966	0	0	0	0	1790951664707
1704	1661	0	1973	0	0	0	0	1790951666117
1708	0	1163	1924	0	0	0	0	1790951667372
1712	1644	1063	1951	0	0	0	0	1790951668751
1714	1675	1089	1966	0	0	0	0	1790951670232
1690	1565	0	1974	0	0	0	0	1790951671480
1701	1637	1127	1976	0	0	0	0	1790951672791
1707	1621	1138	1977	0	0	0	0	1790951674104
1719	1657	1072	1899	0	0	0	0	1790951675455
1701	1582	1107	1930	0	0	0	0	1790951676918
1701	1644	1114	1947	0	0	0	0	1790951678232
1709	1576	1120	0	0	0	0	0	1790951679356
1720	1639	1156	1883	0	0	0	0	1790951680386
1714	1673	1059	1954	0	0	0	0	1790951681547
1705	1558	1095	1964	0	0	0	0	1790951682755
1698	1635	1130	1987	0	0	0	0	1790951684124
1714	1633	1120	1977	0	0	0	0	1790951685362
1714	1657	1131	1969	0	0	0	0	1790951686813
1710	1662	1145	1969	0	0	0	0	1790951688198
1701	0	1131	1981	0	0	0	0	1790951689360
1707	1668	0	1975	0	0	0	0	1790951690876
1722	0	1162	1897	0	0	0	0	1790951692132
1712	1651	1063	1940	0	0	0	0	1790951693531
1702	1676	1102	1956	0	0	0	0	1790951695005
1709	1561	0	1929	0	0	0	0	1790951696111
1720	1607	1130	1949	0	0	0	0	1790951697520
1708	1643	1100	1972	0	0	0	0	1790951698831
1708	1629	1123	1972	0	0	0	0	1790951700210
1703	1643	1150	0	0	0	0	0	1790951701646
1699	1638	1071	1980	0	0	0	0	1790951702871
1704	1639	1079	2015	0	0	0	0	1790951703965
1703	1652	1136	1910	0	0	0	0	1790951704995
1708	1670	1068	1937	0	0	0	0	1790951706156
1711	1608	1102	1954	0	0	0	0	1790951707498
1710	1641	1127	1959	0	0	0	0	1790951708902
1715	1628	1108	1958	0	0	0	0	1790951710135
1718	1619	1122	1979	0	0	0	0	1790951711615
1706	0	1145	1885	0	0	0	0	1790951712861
1706	1647	0	1945	0	0	0	0	1790951714229
1710	0	1084	1963	0	0	0	0	1790951715625
1711	1638	1146	1948	0	0	0	0	1790951716905
1714	1672	0	1959	0	0	0	0	1790951718327
1707	0	1047	1968	0	0	0	0	1790951719690
1714	1609	1120	0	0	0	0	0	1790951720989
1681	1660	0	1937	0	0	0	0	1790951722473
1692	0	1103	1967	0	0	0	0	1790951723785
1699	1603	1138	0	0	0	0	0	1790951725088
1694	1642	0	1936	0	0	0	0	1790951726278
1703	1669	1104	1919	0	0	0	0	1790951727491
1706	1612	1107	1946	0	0	0	0	1790951728564
1716	1644	1153	1977	0	0	0	0	1790951729587
1708	1670	1046	1895	0	0	0	0	1790951730782
1704	1624	1101	1956	0	0	0	0	1790951732120
1688	1641	1108	1963	0	0	0	0	1790951733499
1707	1633	1104	1965	0	0	0	0	1790951734882
1703	1608	1121	1966	0	0	0	0	1790951736219
1702	1649	1153	0	0	0	0	0	1790951737580
1684	1668	1061	1934	0	0	0	0	1790951739055
1694	1558	0	1977	0	0	0	0	1790951740374
1702	1641	1141	0	0	0	0	0	1790951741731
1713	1631	1059	1942	0	0	0	0	1790951743065
1716	1619	0	1915	0	0	0	0	1790951744442
1676	0	1135	1943	0	0	0	0	1790951745720
1699	1666	0	1974	0	0	0	0	1790951747097
1701	1647	1070	1911	0	0	0	0	1790951748566
1682	0	1085	1966	0	0	0	0	1790951749792
1693	1678	1131	1943	0	0	0	0	1790951750864
1694	1693	1050	1880	0	0	0	0	1790951752112
1702	1551	1085	1923	0	0	0	0	1790951753176
1697	1636	1117	1932	0	0	0	0	1790951754226
1705	1629	1122	1948	0	0	0	0	1790951755578
1706	1606	1121	1964	0	0	0	0	1790951756913
1689	1643	1143	1947	0	0	0	0	1790951758341
1698	1646	1060	1961	0	0	0	0	1790951759804
1702	1624	1106	0	0	0	0	0	1790951761044
1703	1671	1115	1965	0	0	0	0	1790951762300
1699	1678	1051	1951	0	0	0	0	1790951763845
1700	1553	1106	1964	0	0	0	0	1790951765191
1702	1613	1128	1972	0	0	0	0	1790951766486
1697	1635	0	1986	0	0	0	0	1790951767726
