6678	3738	3286	10859	0	0	0	0	1788536474010
6635	3762	3274	10749	0	0	0	0	1788536475475
6604	3762	3310	10789	0	0	0	0	1788536476866
6593	3732	3295	0	0	0	0	0	1788536478106
6606	3740	3334	10819	0	0	0	0	1788536479450
6609	3722	3342	10866	0	0	0	0	1788536480784
6634	3728	3368	10841	0	0	0	0	1788536482131
6609	3729	3362	10873	0	0	0	0	1788536483440
6605	3734	0	10809	0	0	0	0	1788536484723
6593	0	3339	10836	0	0	0	0	1788536486100
6585	3757	3348	10795	0	0	0	0	1788536487430
6566	3738	3346	10789	0	0	0	0	1788536488730
6574	3689	3304	10781	0	0	0	0	1788536490080
6562	3693	0	10705	0	0	0	0	1788536491266
6567	3706	3272	10708	0	0	0	0	1788536492346
6570	3717	3273	10665	0	0	0	0	1788536493461
6552	3747	3273	10605	0	0	0	0	1788536494737
6566	3776	3287	10661	0	0	0	0	1788536496042
6578	3768	3287	10507	0	0	0	0	1788536497374
6599	3768	3303	10561	0	0	0	0	1788536498713
6608	3755	3268	10606	0	0	0	0	1788536500020
6615	0	3251	10686	0	0	0	0	1788536501245
6608	3768	3247	0	0	0	0	0	1788536502663
6580	3744	3228	10703	0	0	0	0	1788536504015
6557	3728	3244	10727	0	0	0	0	1788536505333
6574	3734	3255	10674	0	0	0	0	1788536506664
6536	3724	0	10701	0	0	0	0	1788536507994
6548	3750	3262	10679	0	0	0	0	1788536509303
6498	3716	3269	10679	0	0	0	0	1788536510637
6512	3721	3292	10697	0	0	0	0	1788536511965
6522	3690	3309	10682	0	0	0	0	1788536513305
6554	0	3319	10720	0	0	0	0	1788536514397
6555	3707	3327	10756	0	0	0	0	1788536515510
6550	3718	3308	10783	0	0	0	0	1788536516781
6556	3735	3299	10705	0	0	0	0	1788536518109
6516	3742	3311	10708	0	0	0	0	1788536519431
6526	3717	3312	10728	0	0	0	0	1788536520778
6531	3685	3324	0	0	0	0	0	1788536522148
6507	3689	3285	10734	0	0	0	0	1788536523355
6511	0	3284	10695	0	0	0	0	1788536524748
6519	3707	3256	10593	0	0	0	0	1788536526052
6485	3740	3242	10597	0	0	0	0	1788536527400
6523	3763	3264	0	0	0	0	0	1788536528708
6500	3766	3262	10633	0	0	0	0	1788536529858
6545	3764	3258	10489	0	0	0	0	1788536530950
6553	3749	3265	10534	0	0	0	0	1788536532090
6556	3755	3231	10604	0	0	0	0	1788536533468
6566	3773	3214	10631	0	0	0	0	1788536534883
6531	3748	3216	10656	0	0	0	0	1788536536353
6514	3753	0	10692	0	0	0	0	1788536537529
6523	3732	3226	10669	0	0	0	0	1788536538794
6509	3706	3235	10698	0	0	0	0	1788536540291
6509	3728	3237	10704	0	0	0	0	1788536541690
6499	3733	3237	0	0	0	0	0	1788536542988
6476	3707	3207	10721	0	0	0	0	1788536544126
6496	3676	3242	10767	0	0	0	0	1788536545272
6515	3690	3272	10725	0	0	0	0	1788536546367
6519	3696	3275	10738	0	0	0	0	1788536547480
6525	3705	3269	10786	0	0	0	0	1788536548729
6498	3715	3281	10790	0	0	0	0	1788536550148
6513	3719	3290	10700	0	0	0	0	1788536551606
6486	0	3289	10708	0	0	0	0	1788536552932
6498	3687	3286	10657	0	0	0	0	1788536554056
6451	3686	3298	10627	0	0	0	0	1788536555338
6475	3663	3255	10645	0	0	0	0	1788536556711
6483	3674	3225	10656	0	0	0	0	1788536558019
6477	3713	3227	10604	0	0	0	0	1788536559333
6475	3734	0	10510	0	0	0	0	1788536560651
6479	3755	3229	10567	0	0	0	0	1788536561877
6506	3729	3228	10566	0	0	0	0	1788536563227
6527	3728	3217	10589	0	0	0	0	1788536564658
6520	3724	3224	10621	0	0	0	0	1788536566099
6526	3737	3228	0	0	0	0	0	1788536567324
6527	3761	3222	10657	0	0	0	0	1788536568403
6531	3720	3192	10680	0	0	0	0	1788536569500
6483	3714	3203	10704	0	0	0	0	1788536570793
6492	3714	3216	10617	0	0	0	0	1788536572121
6475	3701	3219	10679	0	0	0	0	1788536573456
6480	3720	3229	10667	0	0	0	0	1788536574859
6456	3680	3194	0	0	0	0	0	1788536576125
6471	3690	3216	10694	0	0	0	0	1788536577447
6478	3657	3259	10709	0	0	0	0	1788536578774
6496	3669	3215	10711	0	0	0	0	1788536580094
6499	3686	3247	10730	0	0	0	0	1788536581535
6483	0	3242	10737	0	0	0	0	1788536582740
6471	3708	3246	10767	0	0	0	0	1788536584047
6479	3710	3257	10741	0	0	0	0	1788536585373
6464	3688	3269	10671	0	0	0	0	1788536586701
6469	3673	3283	10698	0	0	0	0	1788536588020
6463	3680	0	10652	0	0	0	0	1788536589318
6444	3724	3248	10650	0	0	0	0	1788536590420
6449	3702	3226	10572	0	0	0	0	1788536591575
6457	3717	3229	10585	0	0	0	0	1788536592890
6461	3724	3234	10584	0	0	0	0	1788536594237
6476	3742	3218	10505	0	0	0	0	1788536595554
6491	3716	3221	10539	0	0	0	0	1788536596891
6526	0	3198	10560	0	0	0	0	1788536598202
6514	3709	3206	10614	0	0	0	0	1788536599297
6477	3712	3189	10628	0	0	0	0	1788536600695
6496	3742	3191	0	0	0	0	0	1788536602184
6478	3711	3207	10670	0	0	0	0	1788536603505
6480	0	3212	10602	0	0	0	0	1788536604772
6445	3696	3204	10614	0	0	0	0	1788536605901
6458	3697	3222	10626	0	0	0	0	1788536607284
6434	3700	3228	10654	0	0	0	0	1788536608631
6446	3706	3236	10548	0	0	0	0	1788536610011
6451	3656	3251	10602	0	0	0	0	1788536611323
6471	3674	0	10614	0	0	0	0	1788536612548
6481	3681	3248	10669	0	0	0	0	1788536613647
6461	3672	3264	10707	0	0	0	0	1788536614748
6470	3693	3255	10704	0	0	0	0	1788536616082
6461	3658	3244	10647	0	0	0	0	1788536617423
6455	3671	3244	10606	0	0	0	0	1788536618738
6454	3618	3260	10627	0	0	0	0	1788536620090
6445	0	3264	10559	0	0	0	0	1788536621398
6417	3644	3226	10535	0	0	0	0	1788536622738
6435	3662	3216	10562	0	0	0	0	1788536624064
6428	3698	3222	10459	0	0	0	0	1788536625397
6430	3707	3235	10501	0	0	0	0	1788536626744
6465	3718	3229	0	0	0	0	0	1788536627975
6471	3726	3199	10388	0	0	0	0	1788536629076
6490	3739	3177	10465	0	0	0	0	1788536630168
6494	3700	3180	10493	0	0	0	0	1788536631433
6474	3720	3170	10541	0	0	0	0	1788536632804
6492	3728	3196	10571	0	0	0	0	1788536634298
6457	3729	0	10606	0	0	0	0	1788536635655
6458	3732	3212	10616	0	0	0	0	1788536636790
6427	3699	3190	10569	0	0	0	0	1788536638264
6433	3674	3212	10552	0	0	0	0	1788536639714
6424	3675	3186	0	0	0	0	0	1788536641136
6422	3684	3205	10462	0	0	0	0	1788536642259
6422	3671	3202	10540	0	0	0	0	1788536643388
6436	3653	3200	10588	0	0	0	0	1788536644477
6457	3676	3230	10620	0	0	0	0	1788536645662
6451	3650	3189	10596	0	0	0	0	1788536647029
6452	3677	3220	10623	0	0	0	0	1788536648403
6427	3683	3227	10643	0	0	0	0	1788536649856
6408	0	3238	10645	0	0	0	0	1788536651070
6410	3664	3238	10554	0	0	0	0	1788536652148
6420	3666	3238	10575	0	0	0	0	1788536653323
6391	3649	3246	10529	0	0	0	0	1788536654649
6413	3673	3217	10428	0	0	0	0	1788536655979
6415	3708	3219	10447	0	0	0	0	1788536657297
6407	3709	3217	10452	0	0	0	0	1788536658667
6413	3711	0	10474	0	0	0	0	1788536659915
6440	3730	3221	10430	0	0	0	0	1788536661321
6456	3697	3172	10391	0	0	0	0	1788536662705
6473	3697	3182	10389	0	0	0	0	1788536664105
6471	3700	3152	0	0	0	0	0	1788536665392
6473	3717	3153	10427	0	0	0	0	1788536666501
6457	3727	3173	10460	0	0	0	0	1788536667696
6434	3707	3190	10502	0	0	0	0	1788536669012
6427	3680	3168	10527	0	0	0	0	1788536670347
6411	3664	3179	10510	0	0	0	0	1788536671662
6387	3675	3186	10490	0	0	0	0	1788536672979
6388	0	3190	10531	0	0	0	0	1788536674284
6394	3643	3155	0	0	0	0	0	1788536675654
6397	3654	3187	10460	0	0	0	0	1788536676983
6425	3652	3208	10529	0	0	0	0	1788536678331
6415	0	3223	10546	0	0	0	0	1788536679702
6411	3672	3217	10594	0	0	0	0	1788536680804
6412	3688	3222	10548	0	0	0	0	1788536682010
6416	3667	3228	10572	0	0	0	0	1788536683346
6376	3675	3216	10586	0	0	0	0	1788536684664
6386	3655	3236	10470	0	0	0	0	1788536685986
6388	3661	3188	10486	0	0	0	0	1788536687314
6382	3661	0	10459	0	0	0	0	1788536688467
6382	3663	3201	10439	0	0	0	0	1788536689729
6392	3689	3207	10477	0	0	0	0	1788536691088
6367	3707	3208	10419	0	0	0	0	1788536692404
6387	3695	3200	10425	0	0	0	0	1788536693749
6412	3706	3185	10389	0	0	0	0	1788536695056
6451	0	3169	10375	0	0	0	0	1788536696245
6441	3681	3175	10342	0	0	0	0	1788536697346
6426	3688	3155	10398	0	0	0	0	1788536698717
6432	3691	3129	10458	0	0	0	0	1788536700204
6401	3696	3150	10467	0	0	0	0	1788536701666
6396	3701	3175	0	0	0	0	0	1788536702814
6396	3681	3154	10468	0	0	0	0	1788536703941
6396	3653	3156	10444	0	0	0	0	1788536705349
6380	3658	3155	10458	0	0	0	0	1788536706729
6380	3661	3188	10473	0	0	0	0	1788536708090
6380	3669	3208	10482	0	0	0	0	1788536709420
6408	3641	0	10549	0	0	0	0	1788536710580
6406	3656	3214	10600	0	0	0	0	1788536711669
6394	3656	3213	10602	0	0	0	0	1788536712824
6395	3669	3225	10526	0	0	0	0	1788536714138
6399	3658	3224	10521	0	0	0	0	1788536715459
6359	3648	3217	10524	0	0	0	0	1788536716790
6368	3647	3201	10490	0	0	0	0	1788536718180
6374	0	3208	10412	0	0	0	0	1788536719452
6365	3660	3200	10430	0	0	0	0	1788536720793
6365	3680	3192	10379	0	0	0	0	1788536722098
6361	3693	3189	10359	0	0	0	0	1788536723430
6368	3710	3205	10361	0	0	0	0	1788536724745
6395	3703	3170	0	0	0	0	0	1788536726005
6411	3708	3174	10366	0	0	0	0	1788536727134
6419	3672	3161	10377	0	0	0	0	1788536728195
6426	3667	3140	10364	0	0	0	0	1788536729511
6424	3675	3147	10392	0	0	0	0	1788536730929
6409	3675	3133	10455	0	0	0	0	1788536732339
6395	3676	0	10483	0	0	0	0	1788536733703
6391	3671	3144	10507	0	0	0	0	1788536734783
6385	3677	3156	10509	0	0	0	0	1788536736185
6370	3650	3182	10477	0	0	0	0	1788536737663
6372	3653	3145	10473	0	0	0	0	1788536739079
6319	3644	3141	0	0	0	0	0	1788536740271
6354	3652	3149	10456	0	0	0	0	1788536741414
6365	3654	3203	10497	0	0	0	0	1788536742529
6386	3640	3208	10489	0	0	0	0	1788536743769
6373	3670	3203	10550	0	0	0	0	1788536745158
6388	3654	3199	10563	0	0	0	0	1788536746561
6373	0	3202	10509	0	0	0	0	1788536748003
6368	3654	3206	10552	0	0	0	0	1788536749125
6361	3659	3193	10484	0	0	0	0	1788536750185
6365	3605	3189	10483	0	0	0	0	1788536751347
6344	3628	3184	10417	0	0	0	0	1788536752669
6355	3674	3192	10437	0	0	0	0	1788536754013
6354	3704	3208	10435	0	0	0	0	1788536755323
6356	3713	3176	10366	0	0	0	0	1788536756670
6358	3722	0	10362	0	0	0	0	1788536757937
6359	3699	3177	10369	0	0	0	0	1788536759255
6398	3663	3165	10388	0	0	0	0	1788536760646
6404	3666	3167	10299	0	0	0	0	1788536763995
6418	3677	3126	0	0	0	0	0	1788536764546
6372	3652	3123	10361	0	0	0	0	1788536764918
6386	3658	3144	10419	0	0	0	0	1788536765882
6379	3649	3135	10386	0	0	0	0	1788536767214
6381	3643	3142	10427	0	0	0	0	1788536768532
6351	3658	3136	10443	0	0	0	0	1788536769871
6346	0	3136	10454	0	0	0	0	1788536771088
6342	3617	3103	10439	0	0	0	0	1788536772237
6352	3623	3154	10450	0	0	0	0	1788536773640
6338	3618	3172	10467	0	0	0	0	1788536774999
6353	3623	3196	10421	0	0	0	0	1788536776380
6359	3628	3209	10495	0	0	0	0	1788536777715
6354	3661	3191	0	0	0	0	0	1788536778831
6361	3640	3191	10527	0	0	0	0	1788536780020
6328	3653	3195	10493	0	0	0	0	1788536781341
6334	3634	3178	10508	0	0	0	0	1788536782690
6342	3639	3192	10411	0	0	0	0	1788536784008
6307	3631	3160	10426	0	0	0	0	1788536785316
6329	0	3161	10395	0	0	0	0	1788536786654
6331	3637	3167	10414	0	0	0	0	1788536787982
6320	3647	3151	10396	0	0	0	0	1788536789322
6329	3686	3171	10353	0	0	0	0	1788536790638
6334	3688	3132	10291	0	0	0	0	1788536792022
