2428	1199	4297	2764	0	0	0	0	1790893582650
2407	1189	4312	2756	0	0	0	0	1790893583993
2408	1144	4320	2703	0	0	0	0	1790893585339
2416	1164	4285	2710	0	0	0	0	1790893586703
2412	1167	0	2709	0	0	0	0	1790893588013
2425	1175	4302	2703	0	0	0	0	1790893590454
2409	1180	4315	2680	0	0	0	0	1790893590880
2392	1180	4334	0	0	0	0	0	1790893592079
2402	1172	0	2684	0	0	0	0	1790893593363
2392	1181	4334	2707	0	0	0	0	1790893594683
2398	1175	4341	2710	0	0	0	0	1790893596059
2402	1169	4343	2673	0	0	0	0	1790893597433
2406	0	4352	2685	0	0	0	0	1790893598739
2403	1178	4365	2714	0	0	0	0	1790893599863
2404	1153	4289	2696	0	0	0	0	1790893600922
2409	1166	4307	2704	0	0	0	0	1790893602006
2411	1166	4319	2708	0	0	0	0	1790893603102
2410	1176	4275	2729	0	0	0	0	1790893604312
2411	1166	4310	2716	0	0	0	0	1790893605647
2402	1151	4277	2730	0	0	0	0	1790893606993
2396	1159	4271	2701	0	0	0	0	1790893608378
2407	1166	0	2691	0	0	0	0	1790893609657
2409	1166	4287	2661	0	0	0	0	1790893610933
2400	1170	4303	2687	0	0	0	0	1790893612248
2401	1166	4284	2669	0	0	0	0	1790893613613
2408	1180	4312	2670	0	0	0	0	1790893614957
2394	1141	4323	0	0	0	0	0	1790893616272
2404	1164	4331	2683	0	0	0	0	1790893617585
2400	1165	4357	2692	0	0	0	0	1790893618938
2391	1131	4353	2666	0	0	0	0	1790893620285
2397	1151	4339	2694	0	0	0	0	1790893621625
2389	0	4281	2682	0	0	0	0	1790893622717
2402	1153	4295	2692	0	0	0	0	1790893623827
2404	1162	4287	2706	0	0	0	0	1790893624920
2393	1169	4294	2712	0	0	0	0	1790893626041
2395	1171	4302	2724	0	0	0	0	1790893627288
2405	1141	4306	2730	0	0	0	0	1790893628632
2393	1142	4301	2696	0	0	0	0	1790893629937
2405	1163	4307	2686	0	0	0	0	1790893631332
2392	1176	0	2676	0	0	0	0	1790893632600
2395	1171	4276	2677	0	0	0	0	1790893633828
2404	1144	4306	2678	0	0	0	0	1790893635197
2394	1161	4308	2699	0	0	0	0	1790893636568
2396	1159	4309	2688	0	0	0	0	1790893637907
2399	1164	4328	0	0	0	0	0	1790893639140
2387	1177	4338	2669	0	0	0	0	1790893640496
2388	1171	4355	2687	0	0	0	0	1790893641819
2396	1173	4314	2674	0	0	0	0	1790893643173
2389	1172	4325	2698	0	0	0	0	1790893644478
2399	0	4281	2649	0	0	0	0	1790893645687
2389	1158	4293	2684	0	0	0	0	1790893646782
2394	1168	4295	2692	0	0	0	0	1790893647887
2397	1172	4255	2691	0	0	0	0	1790893648984
2389	1164	4276	2702	0	0	0	0	1790893650213
2398	1150	4280	2673	0	0	0	0	1790893651578
2401	1168	4277	2686	0	0	0	0	1790893652922
2407	1161	4281	2657	0	0	0	0	1790893654248
2398	1179	0	2682	0	0	0	0	1790893655534
2398	1168	4298	2696	0	0	0	0	1790893656891
2402	1150	4257	2677	0	0	0	0	1790893658234
2392	1161	4290	2673	0	0	0	0	1790893659609
2394	1177	4321	2694	0	0	0	0	1790893660953
2387	1136	4325	0	0	0	0	0	1790893662074
2395	1158	4325	2667	0	0	0	0	1790893663345
2385	1175	4347	2664	0	0	0	0	1790893664639
2391	1163	4317	2679	0	0	0	0	1790893666010
2396	1165	4323	2683	0	0	0	0	1790893667387
2395	0	4309	2684	0	0	0	0	1790893668628
2388	1171	4267	2696	0	0	0	0	1790893669723
2382	1144	4252	2688	0	0	0	0	1790893670781
2392	1157	4272	2708	0	0	0	0	1790893671866
2404	1145	4286	2722	0	0	0	0	1790893673181
2401	1158	4266	2695	0	0	0	0	1790893674524
2386	1144	4274	2686	0	0	0	0	1790893675899
2400	1155	4283	2701	0	0	0	0	1790893677201
2396	1165	0	2658	0	0	0	0	1790893678482
2398	1168	4253	2652	0	0	0	0	1790893679866
2398	1175	4291	2682	0	0	0	0	1790893681180
2402	1131	4300	2665	0	0	0	0	1790893682534
2386	1155	4305	0	0	0	0	0	1790893683839
2387	1140	4298	2656	0	0	0	0	1790893684926
2383	1157	4294	2675	0	0	0	0	1790893686187
2388	1173	4302	2676	0	0	0	0	1790893687591
2389	1150	4302	2684	0	0	0	0	1790893688946
2391	1166	4238	2701	0	0	0	0	1790893690277
2384	0	4241	2710	0	0	0	0	1790893691459
2388	1161	4262	2720	0	0	0	0	1790893692542
2389	1155	4280	2631	0	0	0	0	1790893693636
2391	1159	4250	2652	0	0	0	0	1790893694844
2395	1168	4266	2686	0	0	0	0	1790893696210
2398	1145	4279	2636	0	0	0	0	1790893697522
2381	1154	4279	2670	0	0	0	0	1790893698845
2397	1160	0	2670	0	0	0	0	1790893700161
2402	1165	4273	2664	0	0	0	0	1790893701380
2380	1123	4284	2679	0	0	0	0	1790893702704
2381	1139	4310	2657	0	0	0	0	1790893704046
2391	1141	4294	2662	0	0	0	0	1790893705455
2388	1148	4314	0	0	0	0	0	1790893706728
2389	1150	4264	2673	0	0	0	0	1790893707805
2366	1161	4281	2678	0	0	0	0	1790893709158
2374	1162	4295	2680	0	0	0	0	1790893710482
2388	1170	4273	2698	0	0	0	0	1790893711831
2384	1171	4253	2715	0	0	0	0	1790893713202
2398	0	4264	2695	0	0	0	0	1790893714342
2399	1159	4277	2710	0	0	0	0	1790893715430
2384	1145	4280	2685	0	0	0	0	1790893716518
2398	1156	4280	2697	0	0	0	0	1790893717768
2389	1162	4240	2679	0	0	0	0	1790893719080
2397	1165	4266	2690	0	0	0	0	1790893720430
2402	1167	4274	2673	0	0	0	0	1790893721810
2382	1158	0	2665	0	0	0	0	1790893723079
2389	1156	4242	2675	0	0	0	0	1790893724336
2393	1137	4268	2628	0	0	0	0	1790893725735
2394	1153	4282	2656	0	0	0	0	1790893727061
2393	1165	4294	2662	0	0	0	0	1790893728403
2380	1168	4315	0	0	0	0	0	1790893729617
2382	1175	4294	2659	0	0	0	0	1790893730707
2386	1169	4239	2676	0	0	0	0	1790893731984
2388	1178	4247	2685	0	0	0	0	1790893733329
2388	1166	4262	2701	0	0	0	0	1790893734662
2380	1148	4267	2700	0	0	0	0	1790893736008
2389	0	4261	2682	0	0	0	0	1790893737233
2394	1160	4272	2689	0	0	0	0	1790893738325
2399	1159	4275	2689	0	0	0	0	1790893739467
2399	1166	4240	2695	0	0	0	0	1790893740696
2396	1148	4256	2700	0	0	0	0	1790893741978
2393	1168	4262	2655	0	0	0	0	1790893743377
2398	1167	4244	2670	0	0	0	0	1790893744701
2379	1164	0	2665	0	0	0	0	1790893746001
2380	1162	4270	2667	0	0	0	0	1790893747283
2385	1165	4299	2686	0	0	0	0	1790893748635
2381	1167	4303	2662	0	0	0	0	1790893750042
2378	1171	4288	2677	0	0	0	0	1790893751348
2389	1190	4232	0	0	0	0	0	1790893752529
2390	1188	4227	2692	0	0	0	0	1790893753618
2390	1169	4249	2668	0	0	0	0	1790893754822
2390	1166	4283	2677	0	0	0	0	1790893756168
2379	1181	4243	2684	0	0	0	0	1790893757501
2383	1169	4244	2680	0	0	0	0	1790893758873
2390	0	4253	2705	0	0	0	0	1790893760148
2392	1164	4253	2710	0	0	0	0	1790893761254
2382	1150	4262	2714	0	0	0	0	1790893762324
2391	1168	4254	2656	0	0	0	0	1790893763631
2395	1169	4269	2661	0	0	0	0	1790893764956
2400	1169	4246	2672	0	0	0	0	1790893766287
2390	1152	4270	2674	0	0	0	0	1790893767697
2388	1162	0	2659	0	0	0	0	1790893768922
2385	1169	4275	2650	0	0	0	0	1790893770172
2370	1172	4291	2656	0	0	0	0	1790893771539
2379	1151	4300	2674	0	0	0	0	1790893772884
2384	1167	4282	2691	0	0	0	0	1790893774257
2385	1174	4223	0	0	0	0	0	1790893775443
2381	1167	4251	2680	0	0	0	0	1790893776550
2389	1154	4260	2690	0	0	0	0	1790893777690
2390	1160	4203	2679	0	0	0	0	1790893779046
2391	1153	4230	2689	0	0	0	0	1790893780390
2387	1162	4248	2647	0	0	0	0	1790893781768
2382	0	4226	2681	0	0	0	0	1790893783077
2393	1167	4255	2692	0	0	0	0	1790893784150
2391	1168	4243	2672	0	0	0	0	1790893785264
2393	1166	4208	2662	0	0	0	0	1790893786578
2396	1168	4249	2684	0	0	0	0	1790893787986
2396	1168	4264	2628	0	0	0	0	1790893789296
2383	1171	4270	2670	0	0	0	0	1790893790652
2391	1171	0	2658	0	0	0	0	1790893791814
2388	1159	4284	2656	0	0	0	0	1790893793109
2384	1173	4255	2675	0	0	0	0	1790893794471
2380	1180	4224	2675	0	0	0	0	1790893795845
2380	1158	4241	2631	0	0	0	0	1790893797211
2379	1150	4249	0	0	0	0	0	1790893798343
2381	1167	4219	2636	0	0	0	0	1790893799462
2383	1175	4241	2668	0	0	0	0	1790893800529
2383	1161	4247	2610	0	0	0	0	1790893801877
2385	1164	4182	2660	0	0	0	0	1790893803217
2390	1170	4214	2681	0	0	0	0	1790893804582
2390	1171	4248	2651	0	0	0	0	1790893805927
2383	0	4215	2665	0	0	0	0	1790893807073
2386	1172	4248	2642	0	0	0	0	1790893808267
2382	1184	4252	2653	0	0	0	0	1790893809588
2391	1155	4258	2654	0	0	0	0	1790893810920
2399	1172	4272	2673	0	0	0	0	1790893812295
2377	1152	0	2659	0	0	0	0	1790893813617
2377	1164	4262	2662	0	0	0	0	1790893814728
2384	1129	4251	2677	0	0	0	0	1790893816102
2388	1132	4213	2672	0	0	0	0	1790893817407
2380	1147	4242	2654	0	0	0	0	1790893818782
2382	1140	4253	2658	0	0	0	0	1790893820103
2375	1161	4235	0	0	0	0	0	1790893821225
2385	1135	4220	2673	0	0	0	0	1790893822331
2375	1152	4211	2683	0	0	0	0	1790893823487
2383	1157	4224	2693	0	0	0	0	1790893824859
2393	1149	4241	2664	0	0	0	0	1790893826193
2393	1153	4217	2647	0	0	0	0	1790893827515
2389	0	4240	2666	0	0	0	0	1790893828869
2373	1168	4249	2667	0	0	0	0	1790893829991
2383	1148	4237	2670	0	0	0	0	1790893831274
2395	1162	4249	2653	0	0	0	0	1790893832607
2372	1165	4253	2671	0	0	0	0	1790893833949
2366	1167	4220	2647	0	0	0	0	1790893835334
2377	1168	0	2674	0	0	0	0	1790893836522
2367	1178	4247	2646	0	0	0	0	1790893837662
2375	1168	4256	2649	0	0	0	0	1790893839015
2384	1140	4212	2648	0	0	0	0	1790893840381
2379	1154	4235	2657	0	0	0	0	1790893841706
2365	1158	4200	2658	0	0	0	0	1790893843051
2365	1153	4224	0	0	0	0	0	1790893844177
2375	1165	4223	2648	0	0	0	0	1790893845248
2385	1149	4208	2684	0	0	0	0	1790893846364
2382	1155	4216	2676	0	0	0	0	1790893847693
2373	1142	4238	2685	0	0	0	0	1790893849030
2384	1160	4252	2642	0	0	0	0	1790893850449
2389	1151	4200	2650	0	0	0	0	1790893851783
2386	0	4226	2651	0	0	0	0	1790893852948
2387	1160	4223	2673	0	0	0	0	1790893854270
2388	1123	4232	2674	0	0	0	0	1790893855656
2359	1139	4249	2649	0	0	0	0	1790893857002
2363	1146	0	2662	0	0	0	0	1790893858374
2372	1158	4217	2663	0	0	0	0	1790893859462
2382	1159	4240	2668	0	0	0	0	1790893860637
2376	1167	4229	2637	0	0	0	0	1790893861960
2364	1160	4229	2650	0	0	0	0	1790893863307
2375	1151	4197	2623	0	0	0	0	1790893864668
2373	1155	4209	0	0	0	0	0	1790893865983
2377	1165	4201	2661	0	0	0	0	1790893867078
2383	1167	4214	2681	0	0	0	0	1790893868169
2383	1140	4231	2664	0	0	0	0	1790893869290
2373	1150	4231	2678	0	0	0	0	1790893870643
2380	1164	4242	2627	0	0	0	0	1790893872007
2383	1167	4245	2634	0	0	0	0	1790893873320
2384	1131	4198	2650	0	0	0	0	1790893874644
2386	0	4205	2669	0	0	0	0	1790893875974
2374	1156	0	2645	0	0	0	0	1790893877319
2380	1145	4221	2673	0	0	0	0	1790893878664
2382	1162	4238	2660	0	0	0	0	1790893879976
2370	0	4241	2647	0	0	0	0	1790893881310
2372	1175	4238	2663	0	0	0	0	1790893882367
2352	1155	4235	2656	0	0	0	0	1790893883547
2366	1153	4159	2645	0	0	0	0	1790893884913
2373	1160	4185	2671	0	0	0	0	1790893886273
2359	1156	4195	2677	0	0	0	0	1790893887600
2380	1173	4209	0	0	0	0	0	1790893888958
2381	1159	4220	2681	0	0	0	0	1790893890066
2384	1159	4220	2684	0	0	0	0	1790893891154
2378	1165	4238	2636	0	0	0	0	1790893892223
2371	1175	4244	2621	0	0	0	0	1790893893587
2379	1153	4210	2631	0	0	0	0	1790893894973
2383	1141	4226	2660	0	0	0	0	1790893896305
2386	1156	4232	2646	0	0	0	0	1790893897649
2368	1170	0	2662	0	0	0	0	1790893898843
2373	1140	4241	2645	0	0	0	0	1790893900209
2362	1144	4254	2628	0	0	0	0	1790893901566
2368	1152	4212	2650	0	0	0	0	1790893902888
2371	1155	4208	2665	0	0	0	0	1790893904253
2379	0	4209	2602	0	0	0	0	1790893905343
2368	1150	4214	2638	0	0	0	0	1790893906557
2354	1163	4183	2645	0	0	0	0	1790893907901
2365	1142	4183	2641	0	0	0	0	1790893909267
2370	1146	4200	2664	0	0	0	0	1790893910592
2361	1152	4225	0	0	0	0	0	1790893911860
2374	1161	4227	2648	0	0	0	0	1790893912967
2379	1166	4230	2624	0	0	0	0	1790893914034
2361	1179	4212	2633	0	0	0	0	1790893915240
2366	1149	4211	2651	0	0	0	0	1790893916567
2376	1165	4225	2639	0	0	0	0	1790893917937
2360	1162	4231	2643	0	0	0	0	1790893919345
2362	1166	0	2657	0	0	0	0	1790893920587
2366	1166	4245	2658	0	0	0	0	1790893921756
2356	1167	4211	2619	0	0	0	0	1790893923100
2368	1150	4227	2632	0	0	0	0	1790893924404
2368	1129	4190	2637	0	0	0	0	1790893925747
2361	1143	4210	2658	0	0	0	0	1790893927133
2378	0	4179	2671	0	0	0	0	1790893928254
2355	1140	4181	2655	0	0	0	0	1790893929458
2368	1146	4197	2664	0	0	0	0	1790893930844
2371	1147	4203	2687	0	0	0	0	1790893932188
2373	1159	4213	2667	0	0	0	0	1790893933524
2375	1146	4222	0	0	0	0	0	1790893934812
2366	1169	4191	2641	0	0	0	0	1790893935934
2367	1170	4183	2662	0	0	0	0	1790893937011
2378	1180	4207	2652	0	0	0	0	1790893938228
2377	1138	4212	2665	0	0	0	0	1790893939633
2364	1151	4221	2656	0	0	0	0	1790893941012
2367	1127	4234	2665	0	0	0	0	1790893942376
2364	1142	0	2652	0	0	0	0	1790893943581
2368	1147	4231	2623	0	0	0	0	1790893944693
2370	1152	4244	2656	0	0	0	0	1790893945985
2365	1157	4216	2651	0	0	0	0	1790893947328
2366	1161	4156	2641	0	0	0	0	1790893948717
2369	1144	4182	2647	0	0	0	0	1790893950078
2370	0	4173	2647	0	0	0	0	1790893951211
2372	1157	4188	2658	0	0	0	0	1790893952351
2374	1160	4200	2673	0	0	0	0	1790893953651
2375	1151	4188	2680	0	0	0	0	1790893954964
2371	1159	4187	2655	0	0	0	0	1790893956353
2376	1160	4209	2680	0	0	0	0	1790893957693
2364	1167	4216	0	0	0	0	0	1790893958869
2366	1149	4209	2681	0	0	0	0	1790893959954
2361	1164	4183	2647	0	0	0	0	1790893961287
2364	1166	4216	2635	0	0	0	0	1790893962625
2378	1158	4212	2667	0	0	0	0	1790893963955
2354	1162	4189	2654	0	0	0	0	1790893965277
2360	1164	0	2657	0	0	0	0	1790893966527
2364	1164	4211	2652	0	0	0	0	1790893967613
2365	1173	4175	2630	0	0	0	0	1790893968917
2362	1144	4137	2641	0	0	0	0	1790893970269
2358	1145	4154	2656	0	0	0	0	1790893971613
2363	1159	4173	2644	0	0	0	0	1790893972946
2364	0	4187	2641	0	0	0	0	1790893974141
2366	1159	4194	2658	0	0	0	0	1790893975240
2366	1168	4168	2670	0	0	0	0	1790893976553
2373	1163	4169	2623	0	0	0	0	1790893977898
2374	1154	4194	2616	0	0	0	0	1790893979249
2374	1154	4180	2637	0	0	0	0	1790893980566
2360	1162	4195	0	0	0	0	0	1790893981785
2362	1171	4209	2625	0	0	0	0	1790893982931
2371	1146	4204	2645	0	0	0	0	1790893984273
2374	1152	4216	2652	0	0	0	0	1790893985661
2379	1150	4195	2638	0	0	0	0	1790893986987
2349	1155	0	2655	0	0	0	0	1790893988310
2339	1169	4172	2645	0	0	0	0	1790893989397
2358	1169	4177	2646	0	0	0	0	1790893990505
2367	1157	4180	2652	0	0	0	0	1790893991765
2356	1160	4186	2643	0	0	0	0	1790893993139
2367	1174	4190	2639	0	0	0	0	1790893994477
2354	1155	4150	2666	0	0	0	0	1790893995860
2363	0	4148	2668	0	0	0	0	1790893997042
2367	1156	4171	2638	0	0	0	0	1790893998186
2371	1161	4190	2676	0	0	0	0	1790893999510
2375	1165	4169	2631	0	0	0	0	1790894000860
2370	1169	4185	2621	0	0	0	0	1790894002228
2363	1158	4207	2645	0	0	0	0	1790894003571
2370	1153	4177	0	0	0	0	0	1790894004691
2370	1156	4199	2657	0	0	0	0	1790894005976
2371	1163	4212	2657	0	0	0	0	1790894007317
2374	1170	4149	2627	0	0	0	0	1790894008724
2355	1168	4178	2650	0	0	0	0	1790894010071
2359	1160	0	2615	0	0	0	0	1790894011220
2360	1170	4182	2639	0	0	0	0	1790894012308
2363	1166	4185	2629	0	0	0	0	1790894013396
2362	1144	4180	2631	0	0	0	0	1790894014642
2366	1132	4123	2649	0	0	0	0	1790894015986
2367	1143	4148	2629	0	0	0	0	1790894017334
2363	1140	4168	2628	0	0	0	0	1790894018669
2352	0	4155	2626	0	0	0	0	1790894019955
2357	1146	4170	2640	0	0	0	0	1790894021042
2369	1147	4188	2661	0	0	0	0	1790894022349
2360	1157	4193	2658	0	0	0	0	1790894023702
2363	1161	4165	2632	0	0	0	0	1790894025015
2369	1162	4185	2656	0	0	0	0	1790894026377
2362	1142	4184	0	0	0	0	0	1790894027628
2373	1150	4190	2661	0	0	0	0	1790894029017
2359	1161	4213	2637	0	0	0	0	1790894030391
2362	1175	4218	2637	0	0	0	0	1790894031731
2360	1155	0	2640	0	0	0	0	1790894033044
2362	1140	4183	2628	0	0	0	0	1790894034136
2354	1160	4193	2646	0	0	0	0	1790894035221
2363	1133	4153	2643	0	0	0	0	1790894036310
2365	1138	4155	2642	0	0	0	0	1790894037493
2362	1151	4165	2659	0	0	0	0	1790894038870
2362	1164	4155	2636	0	0	0	0	1790894040212
2365	1157	4168	2622	0	0	0	0	1790894041576
2362	0	4183	2624	0	0	0	0	1790894042873
2353	1150	4171	2627	0	0	0	0	1790894043992
2361	1155	4176	2659	0	0	0	0	1790894045336
2365	1160	4189	2670	0	0	0	0	1790894046697
2353	1159	4150	2625	0	0	0	0	1790894048051
2356	1166	4182	0	0	0	0	0	1790894049397
2363	1123	4190	2617	0	0	0	0	1790894050709
2347	1142	4171	2643	0	0	0	0	1790894052054
2341	1155	4190	2648	0	0	0	0	1790894053379
2352	1155	4194	2622	0	0	0	0	1790894054771
2348	1145	0	2623	0	0	0	0	1790894055987
2358	1158	4173	2627	0	0	0	0	1790894057047
2348	1167	4128	2638	0	0	0	0	1790894058157
2357	1147	4138	2653	0	0	0	0	1790894059251
2368	1156	4175	2612	0	0	0	0	1790894060340
2349	1164	4128	2620	0	0	0	0	1790894061651
