1659	1668	1227	1913	0	0	0	0	1790952005353
1671	1672	1041	1916	0	0	0	0	1790952006728
1672	1540	1078	1920	0	0	0	0	1790952008031
1673	1624	1103	0	0	0	0	0	1790952009366
1676	1649	1097	1939	0	0	0	0	1790952010727
1671	1532	1104	1860	0	0	0	0	1790952012116
1657	1595	1141	1876	0	0	0	0	1790952013564
1660	1607	1048	1892	0	0	0	0	1790952014873
1658	0	1074	1899	0	0	0	0	1790952016245
1640	1585	1129	1918	0	0	0	0	1790952017532
1655	1635	0	1932	0	0	0	0	1790952018986
1664	0	1079	1862	0	0	0	0	1790952020411
1647	1538	0	1884	0	0	0	0	1790952021672
1666	1614	1112	1924	0	0	0	0	1790952022778
1670	1636	1095	1916	0	0	0	0	1790952024025
1660	1516	1111	1909	0	0	0	0	1790952025085
1669	1587	1138	1910	0	0	0	0	1790952026169
1644	1607	1034	1917	0	0	0	0	1790952027525
1645	1609	1070	1919	0	0	0	0	1790952028815
1649	1643	1108	1906	0	0	0	0	1790952030309
1654	1668	1108	1838	0	0	0	0	1790952031641
1669	0	1097	1871	0	0	0	0	1790952032977
1631	1609	1122	0	0	0	0	0	1790952034297
1655	1622	1059	1906	0	0	0	0	1790952035595
1660	0	1095	1905	0	0	0	0	1790952037053
1644	1537	1112	0	0	0	0	0	1790952038424
1655	1614	1096	1911	0	0	0	0	1790952039676
1661	1633	1113	1907	0	0	0	0	1790952041058
1663	1540	1131	1917	0	0	0	0	1790952042379
1670	1601	1065	1910	0	0	0	0	1790952043886
1665	1643	1097	1899	0	0	0	0	1790952045184
1657	1538	0	1881	0	0	0	0	1790952046266
1654	1601	1125	1921	0	0	0	0	1790952047396
1656	1615	1061	1914	0	0	0	0	1790952048658
1659	1599	1091	1919	0	0	0	0	1790952049686
1655	1625	1105	1926	0	0	0	0	1790952050877
1658	1635	1044	1908	0	0	0	0	1790952052198
1660	1533	1104	1916	0	0	0	0	1790952053627
1665	1596	1127	1910	0	0	0	0	1790952055035
1672	1640	1052	1914	0	0	0	0	1790952056370
1642	0	1077	1870	0	0	0	0	1790952057714
1666	1607	1120	0	0	0	0	0	1790952059058
1651	1608	1047	1922	0	0	0	0	1790952060443
1653	0	1101	1887	0	0	0	0	1790952061833
1669	1543	1121	0	0	0	0	0	1790952063064
1637	1639	0	1903	0	0	0	0	1790952064606
1654	0	1078	1893	0	0	0	0	1790952065850
1643	1536	1098	1899	0	0	0	0	1790952067156
1659	1595	0	1873	0	0	0	0	1790952068631
1662	1617	1057	0	0	0	0	0	1790952069852
1665	1604	1110	1898	0	0	0	0	1790952070889
1655	1621	1088	1915	0	0	0	0	1790952071987
1661	1633	1099	1914	0	0	0	0	1790952073231
1663	1611	1115	1866	0	0	0	0	1790952074271
1669	1637	1130	1913	0	0	0	0	1790952075543
1669	1651	1038	1858	0	0	0	0	1790952076981
1649	1562	1093	1885	0	0	0	0	1790952078423
1653	1608	1105	1903	0	0	0	0	1790952079733
1652	1616	0	1917	0	0	0	0	1790952081097
1657	0	1108	1927	0	0	0	0	1790952082377
1656	1607	1123	1909	0	0	0	0	1790952083829
1659	1618	1046	1905	0	0	0	0	1790952085185
1662	1597	1093	1872	0	0	0	0	1790952086504
1668	1615	1101	0	0	0	0	0	1790952087881
1666	1634	0	1924	0	0	0	0	1790952089258
1665	1653	1034	1921	0	0	0	0	1790952090589
1669	1637	1086	0	0	0	0	0	1790952092021
1668	1650	0	1931	0	0	0	0	1790952093370
1673	1523	1089	1899	0	0	0	0	1790952094490
1637	1607	1107	1912	0	0	0	0	1790952095510
1659	1615	1119	1921	0	0	0	0	1790952096628
1659	1569	1050	1875	0	0	0	0	1790952097871
1664	1608	1120	1867	0	0	0	0	1790952099127
1656	1612	1116	1912	0	0	0	0	1790952100449
1660	1635	1040	1842	0	0	0	0	1790952101818
1664	1640	1096	1874	0	0	0	0	1790952103312
1652	1601	1100	0	0	0	0	0	1790952104513
1660	0	1104	1897	0	0	0	0	1790952105949
1661	1602	1109	1861	0	0	0	0	1790952107320
1664	1620	1121	0	0	0	0	0	1790952108663
1655	0	1033	1893	0	0	0	0	1790952110088
1656	1579	1081	1907	0	0	0	0	1790952111325
1656	1565	0	1919	0	0	0	0	1790952112804
1659	1592	1092	1919	0	0	0	0	1790952114212
1658	0	1141	1925	0	0	0	0	1790952115473
1663	1616	0	1928	0	0	0	0	1790952116672
1666	1616	1039	1919	0	0	0	0	1790952117887
1667	1588	1070	1908	0	0	0	0	1790952119045
1672	1610	1102	1899	0	0	0	0	1790952120075
1672	1626	1103	1909	0	0	0	0	1790952121245
1667	1592	1100	1943	0	0	0	0	1790952122515
1651	1622	1130	1906	0	0	0	0	1790952123913
1672	1594	1073	1870	0	0	0	0	1790952125341
1647	1559	1076	1891	0	0	0	0	1790952126620
1637	1602	1120	0	0	0	0	0	1790952128055
1646	1619	1053	1901	0	0	0	0	1790952129373
1655	0	1081	1917	0	0	0	0	1790952130760
1667	1597	1107	0	0	0	0	0	1790952132232
1651	0	1099	1917	0	0	0	0	1790952133479
1658	1597	1106	1879	0	0	0	0	1790952134822
1660	1588	1125	1922	0	0	0	0	1790952136092
1665	1624	1107	1893	0	0	0	0	1790952137568
1650	1632	1117	1904	0	0	0	0	1790952138983
1660	1532	0	1911	0	0	0	0	1790952140190
1670	1614	1130	1902	0	0	0	0	1790952141238
1663	1625	1104	1866	0	0	0	0	1790952142455
1647	1513	1057	1896	0	0	0	0	1790952143634
1656	1614	1100	1937	0	0	0	0	1790952144664
1659	1611	1090	1859	0	0	0	0	1790952146124
1657	1567	1106	1887	0	0	0	0	1790952147394
1672	1612	1129	1904	0	0	0	0	1790952148858
1633	1600	1051	1913	0	0	0	0	1790952150170
1644	0	1097	1917	0	0	0	0	1790952151483
1664	1634	1108	0	0	0	0	0	1790952152890
1667	1645	1085	1936	0	0	0	0	1790952154209
1658	0	1101	1881	0	0	0	0	1790952155673
1662	1532	1114	0	0	0	0	0	1790952156928
1657	1618	0	1895	0	0	0	0	1790952158347
1655	1571	1107	1877	0	0	0	0	1790952159778
1656	0	1121	1900	0	0	0	0	1790952161087
1656	1607	0	1911	0	0	0	0	1790952162391
1652	0	1096	1922	0	0	0	0	1790952163755
1654	1588	1132	1924	0	0	0	0	1790952164766
1652	1644	1131	1927	0	0	0	0	1790952165816
1659	1645	1037	1830	0	0	0	0	1790952167032
1665	1528	1091	1860	0	0	0	0	1790952168196
1666	1613	1120	1919	0	0	0	0	1790952169596
1668	1639	1048	1925	0	0	0	0	1790952170905
1664	1523	1088	1924	0	0	0	0	1790952172241
1668	1587	1109	0	0	0	0	0	1790952173629
1642	1606	1041	1927	0	0	0	0	1790952174941
1653	1520	1085	1868	0	0	0	0	1790952176303
1640	1580	1104	1891	0	0	0	0	1790952177645
1656	1623	1035	1906	0	0	0	0	1790952179145
1654	0	1098	1907	0	0	0	0	1790952180442
1652	1508	1117	1862	0	0	0	0	1790952181767
1653	1591	0	1910	0	0	0	0	1790952183108
1656	0	1081	1916	0	0	0	0	1790952184539
1661	1593	1104	1890	0	0	0	0	1790952185871
1663	1617	0	1922	0	0	0	0	1790952187117
1644	1654	1072	1807	0	0	0	0	1790952188300
1656	1528	1087	1847	0	0	0	0	1790952189320
1643	1592	1126	1880	0	0	0	0	1790952190367
1648	1602	1026	1883	0	0	0	0	1790952191645
1641	1601	1086	1903	0	0	0	0	1790952192982
1650	1619	1112	1903	0	0	0	0	1790952194487
1651	1640	1027	1906	0	0	0	0	1790952195834
1668	1533	1079	0	0	0	0	0	1790952197175
1624	1587	1114	1882	0	0	0	0	1790952198430
1645	1606	1043	1896	0	0	0	0	1790952199768
1640	1608	1086	1918	0	0	0	0	1790952201270
1665	1640	1112	1923	0	0	0	0	1790952202589
1656	0	1044	1857	0	0	0	0	1790952203947
1631	1601	1093	1878	0	0	0	0	1790952205206
1658	1614	1125	1896	0	0	0	0	1790952206549
1651	1630	1033	1908	0	0	0	0	1790952207978
1648	1596	1077	1915	0	0	0	0	1790952209245
1653	1600	0	1865	0	0	0	0	1790952210523
1649	1612	1109	1887	0	0	0	0	1790952211758
1662	1585	1041	1895	0	0	0	0	1790952212920
1663	1635	1114	1914	0	0	0	0	1790952213946
1645	1614	1104	1895	0	0	0	0	1790952215279
1652	1630	1091	1900	0	0	0	0	1790952216543
1642	1566	1101	1912	0	0	0	0	1790952217980
1658	1611	1118	1904	0	0	0	0	1790952219387
1648	1587	1038	1939	0	0	0	0	1790952220674
1653	1608	1085	0	0	0	0	0	1790952222020
1661	1646	1119	1856	0	0	0	0	1790952223310
1664	1507	1044	1874	0	0	0	0	1790952224698
1650	1564	1091	1899	0	0	0	0	1790952226192
1650	0	1113	1908	0	0	0	0	1790952227224
1651	1597	1056	1908	0	0	0	0	1790952228632
1655	1590	1103	1899	0	0	0	0	1790952229890
1655	1605	1119	1907	0	0	0	0	1790952231288
1651	1624	1040	1911	0	0	0	0	1790952232748
1659	1599	0	1914	0	0	0	0	1790952234056
1661	1625	1089	1905	0	0	0	0	1790952235094
1661	1637	1100	1910	0	0	0	0	1790952236302
1660	1569	1056	1914	0	0	0	0	1790952237492
1655	1610	1103	1905	0	0	0	0	1790952238753
1660	1618	1085	1903	0	0	0	0	1790952240119
1652	1522	1096	1910	0	0	0	0	1790952241417
1641	1600	1126	1928	0	0	0	0	1790952242906
1646	1601	1103	0	0	0	0	0	1790952244115
1643	1562	1103	1838	0	0	0	0	1790952245507
1662	1612	1111	1866	0	0	0	0	1790952246942
1629	1625	1085	1887	0	0	0	0	1790952248190
1649	1586	1096	1890	0	0	0	0	1790952249667
1658	0	1129	1904	0	0	0	0	1790952250748
1661	1620	1107	1897	0	0	0	0	1790952252157
1654	1631	1058	1837	0	0	0	0	1790952255944
1632	1518	1097	1862	0	0	0	0	1790952256330
1651	1596	1096	1905	0	0	0	0	1790952256803
1644	1609	0	1853	0	0	0	0	1790952257519
1644	1537	1100	1892	0	0	0	0	1790952258583
1655	1600	1122	1899	0	0	0	0	1790952259614
1625	1621	1093	1827	0	0	0	0	1790952260879
1644	1578	1105	1864	0	0	0	0	1790952262177
1636	1608	1125	1881	0	0	0	0	1790952263646
1652	1596	1099	1894	0	0	0	0	1790952264988
1654	1585	1082	1897	0	0	0	0	1790952266241
1654	1618	1110	0	0	0	0	0	1790952267563
1641	1635	1097	1932	0	0	0	0	1790952268875
1645	1571	1102	1830	0	0	0	0	1790952270366
1648	1624	1139	1863	0	0	0	0	1790952271681
1657	1607	1047	1908	0	0	0	0	1790952272953
1638	0	1094	1830	0	0	0	0	1790952274298
1643	1564	1106	1864	0	0	0	0	1790952275377
1645	1599	1110	1887	0	0	0	0	1790952276853
1640	1576	1060	1893	0	0	0	0	1790952278261
1641	1567	1113	1855	0	0	0	0	1790952279527
1645	1632	0	1902	0	0	0	0	1790952280895
1647	1633	1043	1904	0	0	0	0	1790952282109
1654	1496	1058	1841	0	0	0	0	1790952283194
1655	1576	1089	1891	0	0	0	0	1790952284372
1660	1593	1094	1880	0	0	0	0	1790952285661
1628	1573	1065	1908	0	0	0	0	1790952286994
1647	1629	1092	1914	0	0	0	0	1790952288491
1646	1616	1086	1878	0	0	0	0	1790952289822
1645	1513	1101	0	0	0	0	0	1790952291036
1647	1576	1113	1884	0	0	0	0	1790952292326
1643	1600	1060	1891	0	0	0	0	1790952293634
1643	1562	1111	1886	0	0	0	0	1790952295133
1658	1608	1120	1851	0	0	0	0	1790952296446
1642	0	1091	1903	0	0	0	0	1790952297712
1649	1608	1097	1877	0	0	0	0	1790952299021
1657	1534	1133	1890	0	0	0	0	1790952300282
1653	1587	1047	1891	0	0	0	0	1790952301808
1655	1603	1101	1884	0	0	0	0	1790952303140
1650	1591	0	1893	0	0	0	0	1790952304379
1657	1626	1123	1897	0	0	0	0	1790952305492
1639	1633	1038	1882	0	0	0	0	1790952306685
1617	1571	1079	1863	0	0	0	0	1790952307758
1638	1621	1095	1885	0	0	0	0	1790952309100
1614	1601	1073	1873	0	0	0	0	1790952310400
1632	1578	1078	1889	0	0	0	0	1790952311746
1643	1619	1119	0	0	0	0	0	1790952313243
1643	1600	1037	1896	0	0	0	0	1790952314476
1648	1528	1089	1864	0	0	0	0	1790952315713
1642	1588	1115	1859	0	0	0	0	1790952317022
1648	1618	1040	1900	0	0	0	0	1790952318400
1648	1592	1092	1913	0	0	0	0	1790952319902
1646	0	1113	1913	0	0	0	0	1790952321097
1630	1612	1081	1901	0	0	0	0	1790952322385
1642	1575	1094	1879	0	0	0	0	1790952323610
1617	1522	1118	1902	0	0	0	0	1790952324891
1629	1596	1049	1907	0	0	0	0	1790952326417
1631	1583	1091	1891	0	0	0	0	1790952327752
1606	1541	0	1896	0	0	0	0	1790952328956
1634	1591	1110	1904	0	0	0	0	1790952330082
1639	1619	1050	1879	0	0	0	0	1790952331336
1646	1535	1097	1887	0	0	0	0	1790952332559
1652	1603	1121	1892	0	0	0	0	1790952334033
1643	1591	1040	1911	0	0	0	0	1790952335292
1645	1598	1072	1869	0	0	0	0	1790952336720
1653	1599	1102	0	0	0	0	0	1790952337861
1651	1612	1092	1880	0	0	0	0	1790952339094
1620	1599	1102	1887	0	0	0	0	1790952340525
1627	1626	1117	1904	0	0	0	0	1790952341825
1635	1589	1099	1889	0	0	0	0	1790952343191
1648	0	1125	1894	0	0	0	0	1790952344636
1605	1593	1140	1843	0	0	0	0	1790952345683
1629	1604	1044	1865	0	0	0	0	1790952347147
1629	1583	1061	1906	0	0	0	0	1790952348481
1653	1596	1099	1853	0	0	0	0	1790952349824
1639	1636	0	1865	0	0	0	0	1790952351383
1641	1544	1045	1899	0	0	0	0	1790952352479
1646	1552	1100	1914	0	0	0	0	1790952353514
1650	1597	1103	1895	0	0	0	0	1790952354658
1639	1615	1052	1895	0	0	0	0	1790952355988
1638	1554	1114	1853	0	0	0	0	1790952357417
1640	1598	1093	1875	0	0	0	0	1790952358782
1633	1555	1099	1880	0	0	0	0	1790952360099
1638	1594	1108	0	0	0	0	0	1790952361383
1640	1595	1124	1890	0	0	0	0	1790952362558
1642	1610	1028	1897	0	0	0	0	1790952363968
1644	1572	1107	1892	0	0	0	0	1790952365478
1644	1598	1110	1892	0	0	0	0	1790952366805
1641	0	1041	1864	0	0	0	0	1790952368210
1642	1535	1094	1872	0	0	0	0	1790952369245
1645	1582	1103	1889	0	0	0	0	1790952370561
1646	1561	1086	1900	0	0	0	0	1790952372002
1635	1542	1127	1840	0	0	0	0	1790952373276
1637	1589	1087	1898	0	0	0	0	1790952374646
1627	1603	0	1812	0	0	0	0	1790952375993
1629	1478	1087	1858	0	0	0	0	1790952377127
1629	1578	1114	1874	0	0	0	0	1790952378204
1636	1550	1123	1837	0	0	0	0	1790952379548
1640	1553	1030	1890	0	0	0	0	1790952380836
1643	1590	1099	1893	0	0	0	0	1790952382272
1643	1586	1048	1824	0	0	0	0	1790952383706
1625	1569	1074	0	0	0	0	0	1790952384972
1629	1596	1099	1855	0	0	0	0	1790952386285
1642	1595	1121	1898	0	0	0	0	1790952387574
1634	1561	1040	1806	0	0	0	0	1790952389070
1615	0	1088	1840	0	0	0	0	1790952390446
1624	1601	1097	1865	0	0	0	0	1790952391607
1626	1548	1096	1866	0	0	0	0	1790952392801
1644	1554	1135	1873	0	0	0	0	1790952393990
1608	1627	1106	1889	0	0	0	0	1790952395365
1631	1611	1041	1881	0	0	0	0	1790952396885
1621	1524	1086	1830	0	0	0	0	1790952398084
1617	1602	0	1865	0	0	0	0	1790952399366
1630	1611	1111	1872	0	0	0	0	1790952400601
1632	1575	1047	1880	0	0	0	0	1790952401704
1640	1583	1100	1891	0	0	0	0	1790952403125
1642	1596	1082	1873	0	0	0	0	1790952404447
1628	1555	1082	1826	0	0	0	0	1790952405793
1623	1600	1123	0	0	0	0	0	1790952407136
1625	1624	1097	1880	0	0	0	0	1790952408369
1635	1504	1104	1826	0	0	0	0	1790952409693
1635	1590	1116	1852	0	0	0	0	1790952411045
1635	1595	1098	1901	0	0	0	0	1790952412366
1639	1574	1063	1878	0	0	0	0	1790952413843
1644	0	1112	1881	0	0	0	0	1790952415022
1636	1585	1080	1884	0	0	0	0	1790952416135
1636	1579	1065	1877	0	0	0	0	1790952417514
1638	1517	1119	1853	0	0	0	0	1790952418752
1638	1582	1047	1898	0	0	0	0	1790952420194
1639	1604	1072	1806	0	0	0	0	1790952421670
1632	1501	0	1847	0	0	0	0	1790952422848
1634	1576	1104	1874	0	0	0	0	1790952423942
1625	1591	1083	1867	0	0	0	0	1790952425166
1628	1517	1083	1863	0	0	0	0	1790952426421
1629	1572	1109	1904	0	0	0	0	1790952427928
1632	1577	1100	1868	0	0	0	0	1790952429217
1636	1582	1101	1841	0	0	0	0	1790952430559
1632	1616	1129	0	0	0	0	0	1790952431752
1629	1570	1050	1893	0	0	0	0	1790952433108
1633	1519	1082	1864	0	0	0	0	1790952434635
1631	1587	1109	1888	0	0	0	0	1790952435927
1638	1572	1089	1898	0	0	0	0	1790952437281
1626	0	1061	1838	0	0	0	0	1790952438547
1630	1579	1097	1872	0	0	0	0	1790952439567
1630	1601	1099	1881	0	0	0	0	1790952440921
1627	1598	1096	1872	0	0	0	0	1790952442277
1630	1539	1120	1865	0	0	0	0	1790952443563
1629	1592	1103	1880	0	0	0	0	1790952445072
1635	1619	0	1900	0	0	0	0	1790952446405
1636	1511	1105	1911	0	0	0	0	1790952447427
1638	1587	1133	1868	0	0	0	0	1790952448572
1640	1544	1053	1866	0	0	0	0	1790952449862
1601	1563	1088	1888	0	0	0	0	1790952451204
1624	1573	1123	1891	0	0	0	0	1790952452678
1616	1579	1043	1864	0	0	0	0	1790952453979
1624	1605	1068	0	0	0	0	0	1790952455280
1628	1619	1127	1849	0	0	0	0	1790952456537
1638	1570	1048	1861	0	0	0	0	1790952457861
1628	1577	1092	1865	0	0	0	0	1790952459356
1621	1592	1128	1881	0	0	0	0	1790952460633
1625	0	1049	1885	0	0	0	0	1790952461968
1631	1535	1086	1906	0	0	0	0	1790952463104
1633	1559	1115	1852	0	0	0	0	1790952464142
1637	1608	1091	1853	0	0	0	0	1790952465523
1634	1533	1094	1888	0	0	0	0	1790952466962
1607	1536	1113	1852	0	0	0	0	1790952468162
1630	1583	1111	1893	0	0	0	0	1790952469659
1618	1529	0	1853	0	0	0	0	1790952470917
1623	1584	1101	1860	0	0	0	0	1790952471934
1626	1610	1124	1872	0	0	0	0	1790952473279
1626	1526	1095	1873	0	0	0	0	1790952474590
1626	1570	1093	1846	0	0	0	0	1790952475967
1618	1574	1123	1868	0	0	0	0	1790952477408
1622	1592	1063	1895	0	0	0	0	1790952478663
1634	0	1089	1846	0	0	0	0	1790952480098
1628	1577	1122	0	0	0	0	0	1790952481361
1638	0	1056	1866	0	0	0	0	1790952482785
1617	1542	1083	1852	0	0	0	0	1790952484161
