2174	1305	1302	5009	0	0	0	0	1790777570698
2184	1294	1311	5019	0	0	0	0	1790777572090
2151	1297	1329	5021	0	0	0	0	1790777573420
2160	1299	1321	5018	0	0	0	0	1790777574765
2178	1308	0	5025	0	0	0	0	1790777576095
2163	1303	1307	5036	0	0	0	0	1790777577487
2169	1300	1320	0	0	0	0	0	1790777578825
2166	1300	1330	5018	0	0	0	0	1790777580219
2173	1299	0	5031	0	0	0	0	1790777581445
2168	1300	1296	5043	0	0	0	0	1790777582795
2171	1310	1312	5028	0	0	0	0	1790777584137
2161	1310	1324	5005	0	0	0	0	1790777585497
2169	1286	1299	5033	0	0	0	0	1790777586861
2158	0	1309	5038	0	0	0	0	1790777588013
2160	1306	1316	4989	0	0	0	0	1790777589151
2165	1311	1318	5010	0	0	0	0	1790777590225
2165	1301	1326	5035	0	0	0	0	1790777591316
2156	1309	1310	5001	0	0	0	0	1790777592499
2164	1318	1317	5010	0	0	0	0	1790777593871
2173	1288	1325	5012	0	0	0	0	1790777595184
2155	1299	1318	5029	0	0	0	0	1790777596554
2161	1305	1303	0	0	0	0	0	1790777597886
2162	1307	1306	5001	0	0	0	0	1790777599243
2156	1291	1305	5025	0	0	0	0	1790777600606
2146	1289	1323	5000	0	0	0	0	1790777601946
2159	1291	1323	5018	0	0	0	0	1790777603329
2153	1296	0	4972	0	0	0	0	1790777604493
2156	1296	1287	5007	0	0	0	0	1790777605789
2163	1297	1299	5019	0	0	0	0	1790777607151
2149	1301	1321	5005	0	0	0	0	1790777608490
2157	1297	1297	5026	0	0	0	0	1790777609824
2144	0	1304	5030	0	0	0	0	1790777611099
2145	1301	1308	5020	0	0	0	0	1790777612185
2156	1304	1314	5035	0	0	0	0	1790777613273
2163	1303	1305	5018	0	0	0	0	1790777614351
2137	1302	1323	5026	0	0	0	0	1790777615683
2149	1302	1305	5001	0	0	0	0	1790777617084
2157	1289	1323	5001	0	0	0	0	1790777618447
2143	1295	1322	5020	0	0	0	0	1790777619798
2153	1284	1304	0	0	0	0	0	1790777620960
2144	1297	1315	4999	0	0	0	0	1790777622272
2143	1297	1296	5002	0	0	0	0	1790777623662
2147	1293	1310	5025	0	0	0	0	1790777625034
2154	1298	1320	4975	0	0	0	0	1790777626366
2144	1295	0	4988	0	0	0	0	1790777627547
2147	1295	1291	5008	0	0	0	0	1790777628817
2150	1299	1308	5036	0	0	0	0	1790777630145
2152	1309	1313	4953	0	0	0	0	1790777631520
2154	1290	1316	4996	0	0	0	0	1790777632900
2130	0	1313	5007	0	0	0	0	1790777634145
2140	1302	1324	4985	0	0	0	0	1790777635242
2144	1308	1294	5006	0	0	0	0	1790777636342
2149	1309	1312	5026	0	0	0	0	1790777637600
2146	1299	1313	5032	0	0	0	0	1790777638995
2149	1290	1323	4998	0	0	0	0	1790777640384
2150	1295	1325	5004	0	0	0	0	1790777641701
2130	1301	1320	0	0	0	0	0	1790777642952
2139	1264	1323	5011	0	0	0	0	1790777644047
2150	1281	1329	5022	0	0	0	0	1790777645348
2134	1290	1290	5031	0	0	0	0	1790777646748
2141	1298	1301	5045	0	0	0	0	1790777648073
2145	1276	1319	5019	0	0	0	0	1790777649420
2133	1291	0	4996	0	0	0	0	1790777650629
2138	1282	1319	5010	0	0	0	0	1790777651873
2148	1293	1327	5042	0	0	0	0	1790777653204
2139	1307	1314	5011	0	0	0	0	1790777654560
2139	1307	1325	5034	0	0	0	0	1790777655966
2136	0	1307	4989	0	0	0	0	1790777657243
2133	1309	1322	5009	0	0	0	0	1790777658322
2143	1298	1325	5010	0	0	0	0	1790777659505
2149	1295	1286	5019	0	0	0	0	1790777660895
2139	1302	1306	5039	0	0	0	0	1790777662238
2134	1306	1309	4974	0	0	0	0	1790777663660
2141	1292	1306	0	0	0	0	0	1790777664929
2137	1294	1294	5006	0	0	0	0	1790777666049
2142	1299	1317	5021	0	0	0	0	1790777667135
2138	1284	1314	5024	0	0	0	0	1790777668317
2142	1297	1310	5026	0	0	0	0	1790777669714
2137	1299	1295	5043	0	0	0	0	1790777671083
2142	1304	1316	5024	0	0	0	0	1790777672444
2129	1298	0	4974	0	0	0	0	1790777673743
2131	1304	1301	5011	0	0	0	0	1790777674947
2141	1310	1296	5019	0	0	0	0	1790777676287
2117	1297	1313	5022	0	0	0	0	1790777677631
2125	1282	1303	5039	0	0	0	0	1790777679012
2141	0	1303	5050	0	0	0	0	1790777680319
2120	1298	1317	4997	0	0	0	0	1790777681411
2123	1304	1320	4998	0	0	0	0	1790777682684
2136	1296	1320	5024	0	0	0	0	1790777684007
2136	1305	1293	5032	0	0	0	0	1790777685380
2137	1305	1303	5010	0	0	0	0	1790777686780
2142	1307	1324	0	0	0	0	0	1790777688023
2137	1307	1289	5018	0	0	0	0	1790777689137
2130	1296	1296	5029	0	0	0	0	1790777690245
2131	1300	1319	5027	0	0	0	0	1790777691468
2128	1274	1282	5020	0	0	0	0	1790777692860
2132	1288	1293	5032	0	0	0	0	1790777694266
2137	1299	1303	5033	0	0	0	0	1790777695595
2128	1300	0	5047	0	0	0	0	1790777696867
2129	1304	1304	5048	0	0	0	0	1790777697953
2136	1299	1272	5061	0	0	0	0	1790777699322
2137	1302	1304	4990	0	0	0	0	1790777700645
2129	1294	1291	5011	0	0	0	0	1790777701984
2134	1295	1302	5029	0	0	0	0	1790777703378
2125	0	1258	5045	0	0	0	0	1790777704580
2125	1294	1283	5017	0	0	0	0	1790777705924
2128	1299	1298	5005	0	0	0	0	1790777707294
2139	1292	1272	5030	0	0	0	0	1790777708648
2114	1281	1286	4985	0	0	0	0	1790777710021
2127	1282	1308	0	0	0	0	0	1790777711189
2129	1288	1268	5005	0	0	0	0	1790777712286
2126	1298	1296	5021	0	0	0	0	1790777713407
2109	1302	1308	5021	0	0	0	0	1790777714704
2124	1303	1282	4981	0	0	0	0	1790777716076
2128	1288	1294	4992	0	0	0	0	1790777717468
2121	1298	1308	5012	0	0	0	0	1790777718771
2127	1290	0	4991	0	0	0	0	1790777720025
2132	1295	1310	5010	0	0	0	0	1790777721104
2118	1292	1272	5030	0	0	0	0	1790777722462
2122	1294	1292	5002	0	0	0	0	1790777723807
2124	1292	1307	4996	0	0	0	0	1790777725186
2127	1291	1284	5013	0	0	0	0	1790777726518
2128	0	1287	5033	0	0	0	0	1790777727840
2115	1292	1293	4992	0	0	0	0	1790777729197
2122	1298	1296	5010	0	0	0	0	1790777730529
2124	1302	1273	5028	0	0	0	0	1790777731862
2107	1298	1285	0	0	0	0	0	1790777733210
2118	1297	1295	4972	0	0	0	0	1790777734321
2130	1303	1300	4990	0	0	0	0	1790777735439
2119	1270	1284	5010	0	0	0	0	1790777736568
2112	1285	1302	5024	0	0	0	0	1790777737917
2118	1292	1305	5028	0	0	0	0	1790777739249
2127	1283	1265	5009	0	0	0	0	1790777740642
2111	1287	1286	5025	0	0	0	0	1790777741986
2121	1296	0	5011	0	0	0	0	1790777743164
2125	1304	1303	5026	0	0	0	0	1790777744243
2115	1300	1254	5047	0	0	0	0	1790777745521
2116	1300	1281	5049	0	0	0	0	1790777746884
2122	1304	1283	4991	0	0	0	0	1790777748285
2125	1299	1282	5015	0	0	0	0	1790777749617
2112	1301	1287	0	0	0	0	0	1790777750916
2120	1297	1302	5017	0	0	0	0	1790777752291
2115	1299	1306	4990	0	0	0	0	1790777753647
2116	1288	1273	5006	0	0	0	0	1790777754979
2120	1300	1291	5018	0	0	0	0	1790777756349
2111	0	1292	5003	0	0	0	0	1790777757492
2117	1302	1305	5000	0	0	0	0	1790777758579
2119	1298	1280	4994	0	0	0	0	1790777759686
2105	1287	1296	5016	0	0	0	0	1790777761051
2110	1291	1301	4969	0	0	0	0	1790777762369
2115	1279	1276	4985	0	0	0	0	1790777763752
2113	1291	1285	5001	0	0	0	0	1790777765111
2112	1284	0	4978	0	0	0	0	1790777766275
2119	1295	1295	4989	0	0	0	0	1790777767391
2098	1287	1298	5001	0	0	0	0	1790777768713
2102	1270	1288	4992	0	0	0	0	1790777770128
2103	1274	1299	4987	0	0	0	0	1790777771508
2108	1267	1294	4951	0	0	0	0	1790777772943
2102	1280	1291	0	0	0	0	0	1790777774176
2110	1282	1272	4967	0	0	0	0	1790777775373
2102	1290	1294	4994	0	0	0	0	1790777776704
2104	1273	1298	4922	0	0	0	0	1790777778040
2102	1281	1266	4962	0	0	0	0	1790777779403
2102	0	1289	4984	0	0	0	0	1790777780605
2104	1293	1297	4996	0	0	0	0	1790777781699
2110	1264	1248	5001	0	0	0	0	1790777782827
2107	1272	1274	5001	0	0	0	0	1790777784091
2091	1294	1282	4985	0	0	0	0	1790777785456
2098	1265	1290	5003	0	0	0	0	1790777786787
2113	1280	1282	4981	0	0	0	0	1790777788180
2104	1283	0	4987	0	0	0	0	1790777789386
2095	1299	1289	5003	0	0	0	0	1790777790554
2109	1283	1289	4988	0	0	0	0	1790777791896
2105	1291	1281	4995	0	0	0	0	1790777793246
2101	1291	1287	4973	0	0	0	0	1790777794610
2105	1298	1293	0	0	0	0	0	1790777795977
2104	1300	1296	4989	0	0	0	0	1790777797098
2102	1304	1275	4983	0	0	0	0	1790777798347
2107	1301	1280	4993	0	0	0	0	1790777799689
2092	1286	1287	4985	0	0	0	0	1790777801028
2100	1289	1288	4985	0	0	0	0	1790777802432
2094	0	1291	4986	0	0	0	0	1790777803699
2093	1293	1300	4997	0	0	0	0	1790777804787
2097	1286	1254	4997	0	0	0	0	1790777805903
2106	1270	1268	4938	0	0	0	0	1790777807109
2074	1278	1283	4935	0	0	0	0	1790777808451
2078	1281	1265	4948	0	0	0	0	1790777809844
2092	1285	1281	4945	0	0	0	0	1790777811204
2096	1285	1290	4950	0	0	0	0	1790777812522
2086	1261	0	4952	0	0	0	0	1790777813667
2099	1272	1284	4987	0	0	0	0	1790777815026
2101	1276	1256	4991	0	0	0	0	1790777816417
2082	1268	1274	4946	0	0	0	0	1790777817822
2092	1277	1275	0	0	0	0	0	1790777819121
2098	1261	1282	4946	0	0	0	0	1790777820250
2083	1266	1243	4963	0	0	0	0	1790777821416
2086	1273	1266	4938	0	0	0	0	1790777822751
2090	1263	1271	4950	0	0	0	0	1790777824115
2094	1274	1253	4978	0	0	0	0	1790777825497
2094	0	1265	4930	0	0	0	0	1790777826818
2081	1282	1271	4942	0	0	0	0	1790777827937
2086	1288	1262	4964	0	0	0	0	1790777828995
2092	1282	1271	4970	0	0	0	0	1790777830197
2092	1289	1281	4979	0	0	0	0	1790777831528
2067	1289	1234	4963	0	0	0	0	1790777832889
2083	1272	1252	4936	0	0	0	0	1790777834293
2072	1273	0	4950	0	0	0	0	1790777835603
2075	1262	1255	4945	0	0	0	0	1790777836805
2083	1265	1274	4953	0	0	0	0	1790777838139
2089	1279	1254	4961	0	0	0	0	1790777839485
2075	1282	1257	4913	0	0	0	0	1790777840869
2071	1272	1268	4907	0	0	0	0	1790777842210
2081	1265	1278	0	0	0	0	0	1790777843319
2075	1269	1255	4912	0	0	0	0	1790777844435
2078	1275	1245	4865	0	0	0	0	1790777845726
2079	1276	1264	4890	0	0	0	0	1790777847077
2082	1283	1274	4895	0	0	0	0	1790777848478
2069	1265	1246	4897	0	0	0	0	1790777849812
2055	0	1273	4861	0	0	0	0	1790777851060
2062	1272	1243	4868	0	0	0	0	1790777852137
2069	1277	1245	4877	0	0	0	0	1790777853251
2069	1287	1266	4879	0	0	0	0	1790777854563
2071	1295	1267	4889	0	0	0	0	1790777855896
2071	1296	1247	4900	0	0	0	0	1790777857286
2072	1288	1256	4859	0	0	0	0	1790777858645
2050	1299	1268	0	0	0	0	0	1790777859955
2055	1257	0	4873	0	0	0	0	1790777861349
2069	1275	1271	4893	0	0	0	0	1790777862693
2060	1278	1247	0	0	0	0	0	1790777864050
2049	1264	0	4878	0	0	0	0	1790777865392
2056	1273	1267	4826	0	0	0	0	1790777866490
2051	1287	1218	4785	0	0	0	0	1790777867588
2045	1288	1244	4800	0	0	0	0	1790777868778
2056	1271	1254	4816	0	0	0	0	1790777870133
2059	1274	1234	4835	0	0	0	0	1790777871529
2046	1284	1253	4837	0	0	0	0	1790777872871
2058	0	1263	4779	0	0	0	0	1790777874136
2049	1289	1241	4786	0	0	0	0	1790777875254
2055	1291	1253	4812	0	0	0	0	1790777876340
2045	1288	1268	4785	0	0	0	0	1790777877733
2045	1280	1262	4766	0	0	0	0	1790777879074
2040	1280	1263	4743	0	0	0	0	1790777880434
2041	1280	1265	4760	0	0	0	0	1790777881830
2044	1290	1267	0	0	0	0	0	1790777883073
2046	1257	1248	4777	0	0	0	0	1790777884481
2050	1266	1239	4717	0	0	0	0	1790777885831
2050	1281	1241	4689	0	0	0	0	1790777887171
2039	1258	0	4717	0	0	0	0	1790777888471
2050	1267	1272	4721	0	0	0	0	1790777889577
2040	1256	1237	4735	0	0	0	0	1790777890646
2030	1262	1249	4752	0	0	0	0	1790777891910
2037	1267	1253	4766	0	0	0	0	1790777893250
2045	1272	1252	4776	0	0	0	0	1790777894618
2040	1272	1247	4768	0	0	0	0	1790777895957
2045	0	1255	4773	0	0	0	0	1790777897255
2045	1276	1252	4780	0	0	0	0	1790777898372
2037	1277	1218	4783	0	0	0	0	1790777899535
2037	1279	1244	4788	0	0	0	0	1790777900888
2044	1281	1249	4789	0	0	0	0	1790777902282
2045	1259	1249	4798	0	0	0	0	1790777903640
2051	1271	1244	0	0	0	0	0	1790777904957
2042	1279	1262	4817	0	0	0	0	1790777906141
2043	1257	1272	4761	0	0	0	0	1790777907464
2048	1269	1267	4777	0	0	0	0	1790777908823
2050	1270	1246	4796	0	0	0	0	1790777910164
2042	1268	1258	4799	0	0	0	0	1790777911496
2049	1273	0	4809	0	0	0	0	1790777912682
2046	1275	1245	4825	0	0	0	0	1790777913763
2043	1279	1229	4834	0	0	0	0	1790777914967
2046	1280	1249	4793	0	0	0	0	1790777916309
2054	1286	1235	4792	0	0	0	0	1790777917669
2036	1285	1240	4757	0	0	0	0	1790777919001
2027	0	1242	4761	0	0	0	0	1790777920352
2029	1278	1258	4759	0	0	0	0	1790777921458
2031	1274	1240	4774	0	0	0	0	1790777922741
2034	1279	1247	4742	0	0	0	0	1790777924075
2034	1267	1232	4704	0	0	0	0	1790777925463
2015	1249	1245	4692	0	0	0	0	1790777926791
2021	1257	1234	0	0	0	0	0	1790777928067
2030	1268	1240	4721	0	0	0	0	1790777929219
2006	1271	1243	4721	0	0	0	0	1790777930591
2025	1272	1201	4729	0	0	0	0	1790777931983
2024	1265	1225	4716	0	0	0	0	1790777933345
2028	1269	1232	4668	0	0	0	0	1790777934675
2010	1287	0	4689	0	0	0	0	1790777935764
2019	1253	1224	4699	0	0	0	0	1790777936883
2022	1262	1237	4727	0	0	0	0	1790777937990
2023	1269	1249	4696	0	0	0	0	1790777939339
2019	1270	1241	4652	0	0	0	0	1790777940693
2019	1277	1248	4648	0	0	0	0	1790777942033
2012	1265	1228	4599	0	0	0	0	1790777943370
2009	0	1245	4646	0	0	0	0	1790777944609
2018	1265	1227	4680	0	0	0	0	1790777945883
1999	1268	1235	4619	0	0	0	0	1790777947281
2000	1269	1250	4552	0	0	0	0	1790777948674
2001	1274	1261	4576	0	0	0	0	1790777950031
2005	1261	1224	0	0	0	0	0	1790777951219
2005	1266	1238	4581	0	0	0	0	1790777952330
2000	1252	1246	4587	0	0	0	0	1790777953637
1973	1263	1233	4534	0	0	0	0	1790777955008
1992	1266	1240	4571	0	0	0	0	1790777956358
1998	1269	1253	4551	0	0	0	0	1790777957732
1994	1271	0	4560	0	0	0	0	1790777958892
2005	1273	1238	4588	0	0	0	0	1790777960003
2013	1273	1221	4610	0	0	0	0	1790777961109
2002	1268	1241	4617	0	0	0	0	1790777962349
2002	1270	1226	4620	0	0	0	0	1790777963706
2009	1270	1241	4568	0	0	0	0	1790777965058
1997	1275	1234	4514	0	0	0	0	1790777966421
1982	1277	1234	0	0	0	0	0	1790777967721
1992	1259	1244	4483	0	0	0	0	1790777969112
1993	1261	1222	4511	0	0	0	0	1790777970455
1977	1272	1238	4526	0	0	0	0	1790777971785
1980	1258	1253	4428	0	0	0	0	1790777973158
1986	0	1217	4463	0	0	0	0	1790777974301
1971	1260	1233	4459	0	0	0	0	1790777975456
1972	1266	1237	4406	0	0	0	0	1790777976788
1969	1276	1223	4442	0	0	0	0	1790777978150
1973	1264	1233	4467	0	0	0	0	1790777979543
1976	1240	1247	4434	0	0	0	0	1790777980885
1954	1252	0	4409	0	0	0	0	1790777982025
1969	1248	1251	4421	0	0	0	0	1790777983103
1982	1256	1217	4455	0	0	0	0	1790777984208
1966	1262	1227	4481	0	0	0	0	1790777985475
1969	1270	1238	4481	0	0	0	0	1790777986881
1978	1270	1248	4511	0	0	0	0	1790777988202
1985	1270	1258	4529	0	0	0	0	1790777989572
1973	1258	1245	0	0	0	0	0	1790777990775
1978	1270	1253	4509	0	0	0	0	1790777992118
1982	1259	1196	4541	0	0	0	0	1790777993477
1983	1259	1226	4530	0	0	0	0	1790777994809
1956	1263	1231	4436	0	0	0	0	1790777996179
1967	0	1217	4432	0	0	0	0	1790777997391
1969	1260	1244	4456	0	0	0	0	1790777998538
1970	1267	1245	4478	0	0	0	0	1790777999898
1975	1280	1204	4484	0	0	0	0	1790778001268
1966	1277	1227	4436	0	0	0	0	1790778002665
1947	1275	0	4354	0	0	0	0	1790778003993
1939	1252	1230	4351	0	0	0	0	1790778005081
1949	1258	1243	4389	0	0	0	0	1790778006199
1964	1266	1233	4414	0	0	0	0	1790778007288
1949	1254	1239	4433	0	0	0	0	1790778008655
1951	1257	1259	4456	0	0	0	0	1790778010021
1960	1266	1256	4489	0	0	0	0	1790778011353
1968	1255	1222	4346	0	0	0	0	1790778012745
1943	1262	1230	0	0	0	0	0	1790778013887
1953	1246	1245	4379	0	0	0	0	1790778015140
1965	1262	1200	4409	0	0	0	0	1790778016493
1951	1263	1220	4431	0	0	0	0	1790778017865
1952	1255	1237	4464	0	0	0	0	1790778019207
1950	0	1244	4380	0	0	0	0	1790778020494
1953	1270	1222	4352	0	0	0	0	1790778021584
1940	1273	1244	4365	0	0	0	0	1790778022921
1942	1249	1223	4318	0	0	0	0	1790778024260
1942	1257	1243	4375	0	0	0	0	1790778025627
1950	1260	1249	4410	0	0	0	0	1790778026954
1952	1270	0	4430	0	0	0	0	1790778028200
1954	1271	1244	4447	0	0	0	0	1790778029319
1962	1253	1229	4456	0	0	0	0	1790778030438
1964	1253	1230	4476	0	0	0	0	1790778031706
1946	1265	1234	4469	0	0	0	0	1790778033098
1951	1263	1242	4484	0	0	0	0	1790778034448
1963	1266	1216	4496	0	0	0	0	1790778035802
1945	1266	1233	0	0	0	0	0	1790778037013
1946	1276	1259	4495	0	0	0	0	1790778038168
1955	1253	1210	4418	0	0	0	0	1790778039528
1942	1263	1220	4406	0	0	0	0	1790778040888
1948	1274	1229	4433	0	0	0	0	1790778042262
1957	1261	1235	4441	0	0	0	0	1790778043594
1952	0	1226	4455	0	0	0	0	1790778044712
1954	1260	1233	4476	0	0	0	0	1790778046040
1961	1258	1249	4486	0	0	0	0	1790778047356
1964	1263	1243	4499	0	0	0	0	1790778048713
