4011	1969	2785	6724	0	0	0	0	1787346182081
3952	1973	2750	6712	0	0	0	0	1787346183502
3926	1985	2717	6712	0	0	0	0	1787346184930
4041	2059	2808	0	0	0	0	0	1787346186636
3902	2026	2817	6850	0	0	0	0	1787346187643
3941	2004	2724	7013	0	0	0	0	1787346188652
4046	2036	2785	6758	0	0	0	0	1787346189654
3922	1988	2794	6784	0	0	0	0	1787346190664
3984	2029	2809	6915	0	0	0	0	1787346191658
4001	2009	2812	7046	0	0	0	0	1787346192666
3950	2001	2755	6741	0	0	0	0	1787346193660
4040	2028	2797	6907	0	0	0	0	1787346194671
4037	2053	2724	6713	0	0	0	0	1787346195675
3949	2037	2774	6755	0	0	0	0	1787346196688
4024	2070	2797	6719	0	0	0	0	1787346197691
4054	2052	2730	6781	0	0	0	0	1787346198688
4078	2039	2761	6906	0	0	0	0	1787346199694
4086	2044	2826	7032	0	0	0	0	1787346200705
4047	1994	2845	6759	0	0	0	0	1787346201719
3975	2017	2770	6887	0	0	0	0	1787346202717
3922	2011	2778	6967	0	0	0	0	1787346203718
3999	2012	2777	7042	0	0	0	0	1787346204714
3915	2041	2749	7000	0	0	0	0	1787346205714
3988	2055	2725	6747	0	0	0	0	1787346206736
3966	2063	2780	6790	0	0	0	0	1787346207739
3903	2041	2783	6762	0	0	0	0	1787346208731
4008	2000	2821	6722	0	0	0	0	1787346209736
4007	2056	2755	6831	0	0	0	0	1787346210730
4043	2046	2780	6907	0	0	0	0	1787346211731
4058	2034	2820	6816	0	0	0	0	1787346212730
4037	2056	2842	6831	0	0	0	0	1787346213735
3912	2056	2844	6946	0	0	0	0	1787346214730
3977	2053	2723	6954	0	0	0	0	1787346215738
4017	1986	2723	6965	0	0	0	0	1787346217690
3986	1985	2718	7042	0	0	0	0	1787346218698
3928	2030	2782	6994	0	0	0	0	1787346219691
3979	2011	2741	6727	0	0	0	0	1787346220688
3949	2066	2759	6829	0	0	0	0	1787346221691
3966	2036	2726	6924	0	0	0	0	1787346222688
4040	2072	2751	6892	0	0	0	0	1787346223691
4091	2065	2841	6980	0	0	0	0	1787346224683
4086	2018	2725	6868	0	0	0	0	1787346225698
3976	2021	2844	6871	0	0	0	0	1787346226720
3986	1988	2797	7012	0	0	0	0	1787346227722
3939	2069	2772	6766	0	0	0	0	1787346228714
3935	2033	2721	7004	0	0	0	0	1787346229722
3923	2006	2777	6945	0	0	0	0	1787346230735
4054	2078	2836	6949	0	0	0	0	1787346231739
3952	2069	2801	6893	0	0	0	0	1787346232730
4008	2046	2843	6752	0	0	0	0	1787346233741
4015	1993	2846	6994	0	0	0	0	1787346234730
4093	2032	2812	6905	0	0	0	0	1787346235737
3963	1995	2841	7045	0	0	0	0	1787346236750
3913	2018	2753	6854	0	0	0	0	1787346237747
3971	2007	2735	6727	0	0	0	0	1787346238747
4087	2011	2742	6794	0	0	0	0	1787346239747
4025	2042	2796	6924	0	0	0	0	1787346240762
3902	2029	2828	7037	0	0	0	0	1787346241764
4006	1991	2839	7001	0	0	0	0	1787346242781
4000	2031	2752	6953	0	0	0	0	1787346243776
3974	2068	2770	6936	0	0	0	0	1787346244797
4064	2062	2728	7008	0	0	0	0	1787346245797
4036	1986	2785	6766	0	0	0	0	1787346246793
3924	2062	2802	6975	0	0	0	0	1787346247792
4059	2070	2779	6863	0	0	0	0	1787346248794
3964	1993	2816	6765	0	0	0	0	1787346249802
4092	2018	2795	6980	0	0	0	0	1787346250815
3909	2008	2719	6756	0	0	0	0	1787346251813
3928	2079	2739	7044	0	0	0	0	1787346252820
3997	2070	2770	7018	0	0	0	0	1787346253808
3902	1995	2784	6722	0	0	0	0	1787346254810
3972	1991	2749	6937	0	0	0	0	1787346255821
4031	2048	2827	7039	0	0	0	0	1787346256809
4029	2016	2782	6851	0	0	0	0	1787346257824
4076	2083	2810	6833	0	0	0	0	1787346258832
4066	2047	2742	6818	0	0	0	0	1787346259840
4025	2033	2820	6779	0	0	0	0	1787346260842
3983	2001	2771	6819	0	0	0	0	1787346261840
3967	2003	2795	6945	0	0	0	0	1787346262840
3911	2008	2725	6993	0	0	0	0	1787346263839
3972	1985	2773	6884	0	0	0	0	1787346264859
4005	2040	2743	6859	0	0	0	0	1787346265867
4001	2010	2798	6873	0	0	0	0	1787346266858
3974	1991	2742	6715	0	0	0	0	1787346267870
3933	2036	2805	6971	0	0	0	0	1787346268875
3921	2075	2796	6795	0	0	0	0	1787346269888
3915	1985	2792	6922	0	0	0	0	1787346270890
4079	1987	2812	6959	0	0	0	0	1787346271904
3971	1992	2774	6765	0	0	0	0	1787346272903
4012	2066	2815	6863	0	0	0	0	1787346273904
3954	2024	2774	6913	0	0	0	0	1787346274906
3990	2042	2730	6990	0	0	0	0	1787346275914
3958	2010	2819	6942	0	0	0	0	1787346276907
3991	2074	2793	6857	0	0	0	0	1787346277904
4060	2023	2820	7039	0	0	0	0	1787346278906
4043	2058	2763	6790	0	0	0	0	1787346279902
3960	1995	2777	6884	0	0	0	0	1787346280907
4045	2054	2798	6800	0	0	0	0	1787346281919
4084	2066	2729	6972	0	0	0	0	1787346282922
3923	2065	2741	6920	0	0	0	0	1787346283936
4058	2082	2831	6891	0	0	0	0	1787346284939
4000	2038	2806	6757	0	0	0	0	1787346285936
3981	2014	2829	6760	0	0	0	0	1787346286938
4041	2016	2849	7010	0	0	0	0	1787346287952
3920	2028	2820	6853	0	0	0	0	1787346288954
3953	2023	2825	6780	0	0	0	0	1787346289967
3993	1987	2795	7025	0	0	0	0	1787346290966
4001	2078	2802	6751	0	0	0	0	1787346291984
4033	1993	2812	6848	0	0	0	0	1787346292987
4022	2062	2725	6779	0	0	0	0	1787346294000
4086	2058	2785	6907	0	0	0	0	1787346295000
3946	2012	2765	6731	0	0	0	0	1787346295995
4083	2032	2832	7034	0	0	0	0	1787346297002
4008	2051	2773	6717	0	0	0	0	1787346298000
3929	2041	2844	7003	0	0	0	0	1787346299003
3949	2065	2721	6929	0	0	0	0	1787346300011
3955	1987	2821	6777	0	0	0	0	1787346301018
3954	2009	2785	6713	0	0	0	0	1787346302030
4060	2070	2717	6918	0	0	0	0	1787346303032
4070	2056	2727	6789	0	0	0	0	1787346304044
3942	2061	2732	7015	0	0	0	0	1787346305047
3967	2075	2831	6759	0	0	0	0	1787346306043
3971	1997	2754	6920	0	0	0	0	1787346307051
3911	2063	2750	6820	0	0	0	0	1787346308042
3929	2022	2772	7019	0	0	0	0	1787346309042
3978	1994	2818	6944	0	0	0	0	1787346310060
4016	2070	2742	7045	0	0	0	0	1787346311058
4007	2017	2753	6940	0	0	0	0	1787346312057
4011	2076	2833	6926	0	0	0	0	1787346313067
4002	1995	2781	6982	0	0	0	0	1787346314058
4079	2030	2820	6869	0	0	0	0	1787346315066
4076	2074	2774	6758	0	0	0	0	1787346316058
4093	2066	2801	6968	0	0	0	0	1787346317066
4089	1993	2842	6901	0	0	0	0	1787346318058
3929	1992	2832	6828	0	0	0	0	1787346319063
3985	2024	2805	6780	0	0	0	0	1787346320058
4089	2050	2803	6787	0	0	0	0	1787346321060
3968	2064	2828	6841	0	0	0	0	1787346322073
4042	2029	2827	6778	0	0	0	0	1787346323061
3927	2057	2794	6815	0	0	0	0	1787346324058
4086	1995	2840	7003	0	0	0	0	1787346325067
3981	2043	2768	6735	0	0	0	0	1787346326058
4010	2072	2850	6768	0	0	0	0	1787346327064
4069	2066	2845	6775	0	0	0	0	1787346328075
4008	2060	2762	6915	0	0	0	0	1787346329077
3945	2002	2809	6783	0	0	0	0	1787346330092
3915	1987	2816	6840	0	0	0	0	1787346331094
3935	2028	2846	6969	0	0	0	0	1787346332090
3954	1991	2773	6767	0	0	0	0	1787346333089
3939	2042	2828	6856	0	0	0	0	1787346334090
3947	2063	2787	6776	0	0	0	0	1787346335094
3992	1993	2816	6894	0	0	0	0	1787346336090
4044	1999	2725	6763	0	0	0	0	1787346337098
4078	2080	2775	6971	0	0	0	0	1787346338091
3986	2007	2821	7021	0	0	0	0	1787346339099
4063	2067	2836	6722	0	0	0	0	1787346340095
3995	2052	2818	6926	0	0	0	0	1787346341098
3940	2042	2851	6845	0	0	0	0	1787346342105
4038	2025	2755	6846	0	0	0	0	1787346343108
3936	2011	2831	7031	0	0	0	0	1787346344124
3937	2063	2807	6870	0	0	0	0	1787346345120
3952	2036	2738	6887	0	0	0	0	1787346346127
4002	2007	2804	6883	0	0	0	0	1787346347123
3926	2011	2782	7030	0	0	0	0	1787346348121
3976	2080	2765	6973	0	0	0	0	1787346349130
3998	2058	2816	6754	0	0	0	0	1787346350122
4068	2025	2822	6927	0	0	0	0	1787346351122
3917	1985	2850	6735	0	0	0	0	1787346352123
4061	2064	2792	6875	0	0	0	0	1787346353120
4009	2064	2802	6732	0	0	0	0	1787346354137
3958	2008	2741	6887	0	0	0	0	1787346355136
3956	2055	2851	6828	0	0	0	0	1787346356138
3908	1989	2751	6943	0	0	0	0	1787346357152
3977	2066	2802	6932	0	0	0	0	1787346358154
4066	2041	2787	6927	0	0	0	0	1787346359152
4019	2044	2794	7005	0	0	0	0	1787346360173
4056	2019	2814	7020	0	0	0	0	1787346361184
3940	2015	2728	7029	0	0	0	0	1787346362186
3907	2043	2746	6720	0	0	0	0	1787346363200
4060	2056	2736	6775	0	0	0	0	1787346364202
4046	2001	2717	6826	0	0	0	0	1787346365198
3993	1997	2767	6799	0	0	0	0	1787346366202
4083	2062	2760	6895	0	0	0	0	1787346367200
3973	2071	2736	6820	0	0	0	0	1787346368198
4009	2052	2771	6773	0	0	0	0	1787346369212
4079	2005	2795	7013	0	0	0	0	1787346370203
3932	2055	2774	7008	0	0	0	0	1787346371200
3995	2028	2742	6847	0	0	0	0	1787346372202
3903	2048	2805	6968	0	0	0	0	1787346373212
4000	2043	2734	7017	0	0	0	0	1787346374198
4049	2083	2826	6839	0	0	0	0	1787346375216
3942	2014	2790	6821	0	0	0	0	1787346376218
4048	2005	2739	6960	0	0	0	0	1787346377229
4017	2004	2720	6973	0	0	0	0	1787346378234
3978	1995	2748	6927	0	0	0	0	1787346379239
3966	2047	2824	6737	0	0	0	0	1787346380235
4016	2072	2815	7001	0	0	0	0	1787346381243
4030	2058	2814	6833	0	0	0	0	1787346382230
3940	2013	2841	6785	0	0	0	0	1787346383245
3971	2074	2737	6755	0	0	0	0	1787346384233
3965	2020	2746	6874	0	0	0	0	1787346385231
3999	2043	2822	6850	0	0	0	0	1787346386231
4054	2023	2814	6956	0	0	0	0	1787346387245
4013	2047	2729	6732	0	0	0	0	1787346388246
4020	2024	2831	6761	0	0	0	0	1787346389260
3937	2052	2776	6883	0	0	0	0	1787346390266
3968	2064	2798	6777	0	0	0	0	1787346391280
3922	2016	2769	6905	0	0	0	0	1787346392282
3975	2053	2735	6983	0	0	0	0	1787346393277
3914	2016	2738	6909	0	0	0	0	1787346394282
3999	2012	2736	6769	0	0	0	0	1787346395277
4046	2020	2721	6960	0	0	0	0	1787346396283
3969	2063	2730	6923	0	0	0	0	1787346397291
4038	1997	2846	6726	0	0	0	0	1787346398280
4003	2064	2815	6942	0	0	0	0	1787346399292
3929	2064	2819	6783	0	0	0	0	1787346400282
3975	2071	2753	6953	0	0	0	0	1787346401278
4094	2071	2768	6796	0	0	0	0	1787346402285
3917	2038	2777	6880	0	0	0	0	1787346403295
4023	2019	2738	6804	0	0	0	0	1787346404298
3954	2059	2824	6842	0	0	0	0	1787346405311
4094	2022	2846	6825	0	0	0	0	1787346406315
3972	2046	2754	7027	0	0	0	0	1787346407316
3965	2000	2825	6983	0	0	0	0	1787346408317
4090	2047	2759	7017	0	0	0	0	1787346409328
3932	2019	2761	6876	0	0	0	0	1787346410325
3937	1993	2720	6880	0	0	0	0	1787346411343
3936	2057	2790	6974	0	0	0	0	1787346412346
3953	1991	2760	6809	0	0	0	0	1787346413360
3927	2015	2737	6715	0	0	0	0	1787346414362
4043	2054	2786	6800	0	0	0	0	1787346415376
4065	2064	2799	6720	0	0	0	0	1787346416378
3914	2063	2742	6818	0	0	0	0	1787346417371
4068	2028	2801	6831	0	0	0	0	1787346418379
4066	2073	2804	6837	0	0	0	0	1787346419370
4038	2005	2757	7016	0	0	0	0	1787346420378
