1953	1356	1282	6743	0	0	0	0	1787766397310
1948	1315	1323	6663	0	0	0	0	1787766398720
1921	1355	1301	6669	0	0	0	0	1787766400098
1928	1365	1297	6629	0	0	0	0	1787766401459
1922	1363	1180	0	0	0	0	0	1787766402777
1941	1198	1229	6651	0	0	0	0	1787766404137
1918	1257	1256	6675	0	0	0	0	1787766405484
1897	1311	1270	6655	0	0	0	0	1787766406917
1931	0	1282	6655	0	0	0	0	1787766408240
1875	1331	0	6541	0	0	0	0	1787766409600
1907	1255	1179	6570	0	0	0	0	1787766410957
1921	0	1246	6641	0	0	0	0	1787766412360
1919	1280	0	6599	0	0	0	0	1787766413713
1912	1321	1278	6615	0	0	0	0	1787766414767
1917	1368	1307	6619	0	0	0	0	1787766415915
1923	1370	1258	6616	0	0	0	0	1787766417017
1900	1310	1183	6635	0	0	0	0	1787766418109
1908	1301	1222	6656	0	0	0	0	1787766419273
1931	1338	1283	6657	0	0	0	0	1787766420701
1909	1379	1292	6577	0	0	0	0	1787766422102
1893	1349	1266	6586	0	0	0	0	1787766423535
1905	1335	1247	0	0	0	0	0	1787766424785
1911	1289	1276	6602	0	0	0	0	1787766425969
1917	1330	1287	6649	0	0	0	0	1787766427315
1905	1359	1313	6588	0	0	0	0	1787766428693
1923	1354	1244	6598	0	0	0	0	1787766430021
1907	1336	1228	6562	0	0	0	0	1787766431375
1902	0	1269	6584	0	0	0	0	1787766432678
1906	1302	1307	6613	0	0	0	0	1787766434017
1886	1315	1262	6646	0	0	0	0	1787766435350
1902	1362	1238	6589	0	0	0	0	1787766436706
1918	1359	1199	6590	0	0	0	0	1787766438055
1895	1299	0	6607	0	0	0	0	1787766439184
1909	1326	1248	6587	0	0	0	0	1787766440233
1907	1333	1300	6605	0	0	0	0	1787766441486
1922	1364	1304	6637	0	0	0	0	1787766442827
1924	1374	1249	6575	0	0	0	0	1787766444243
1855	1382	1197	6585	0	0	0	0	1787766445583
1907	1258	1251	0	0	0	0	0	1787766446854
1873	1277	1282	6598	0	0	0	0	1787766447962
1896	1342	1279	6618	0	0	0	0	1787766449129
1893	1344	1292	6630	0	0	0	0	1787766450516
1902	1375	1198	6524	0	0	0	0	1787766451808
1915	1288	1206	6535	0	0	0	0	1787766453180
1907	0	1263	6553	0	0	0	0	1787766454536
1907	1275	1292	6521	0	0	0	0	1787766455892
1902	1341	1293	6608	0	0	0	0	1787766457192
1910	1359	1177	6587	0	0	0	0	1787766458572
1910	1359	1201	6594	0	0	0	0	1787766460005
1896	1270	0	6528	0	0	0	0	1787766461198
1909	1253	1251	6539	0	0	0	0	1787766462286
1907	1327	1279	6572	0	0	0	0	1787766463516
1912	1345	1286	6585	0	0	0	0	1787766464869
1900	1373	1247	6584	0	0	0	0	1787766466290
1887	1321	1247	6524	0	0	0	0	1787766467665
1901	1237	1263	0	0	0	0	0	1787766468893
1842	1299	1273	6551	0	0	0	0	1787766470009
1883	1331	1300	6559	0	0	0	0	1787766471129
1896	1359	1207	6603	0	0	0	0	1787766472271
1880	1325	1219	6576	0	0	0	0	1787766473685
1894	1318	1237	6575	0	0	0	0	1787766475038
1899	1345	1272	6519	0	0	0	0	1787766476438
1892	1355	0	6534	0	0	0	0	1787766477785
1883	0	1286	6582	0	0	0	0	1787766479122
1891	1346	0	6555	0	0	0	0	1787766480513
1904	1301	1240	6567	0	0	0	0	1787766481911
1903	1317	1240	6562	0	0	0	0	1787766483237
1899	0	1258	6562	0	0	0	0	1787766484413
1890	1346	1301	6568	0	0	0	0	1787766485630
1893	1348	1288	6598	0	0	0	0	1787766486954
1899	1342	1232	6559	0	0	0	0	1787766488362
1901	1244	1200	6584	0	0	0	0	1787766489773
1901	1263	1246	0	0	0	0	0	1787766491067
1877	1335	1266	6519	0	0	0	0	1787766492217
1899	1353	1280	6540	0	0	0	0	1787766493298
1880	1382	1248	6574	0	0	0	0	1787766494394
1858	1314	1190	6533	0	0	0	0	1787766495536
1889	1235	1236	6529	0	0	0	0	1787766496945
1901	1311	1273	6474	0	0	0	0	1787766498356
1853	1335	1284	6491	0	0	0	0	1787766499749
1891	0	1235	6542	0	0	0	0	1787766501069
1886	1344	1226	6590	0	0	0	0	1787766502341
1889	1294	1250	6527	0	0	0	0	1787766503701
1892	1317	1293	6541	0	0	0	0	1787766505098
1896	1331	1314	6502	0	0	0	0	1787766506413
1884	1366	1230	0	0	0	0	0	1787766507761
1884	1380	0	6537	0	0	0	0	1787766509019
1904	1372	1188	6537	0	0	0	0	1787766510431
1874	1288	1238	6493	0	0	0	0	1787766511799
1877	1296	1265	6502	0	0	0	0	1787766513189
1893	1349	1282	0	0	0	0	0	1787766514340
1880	1354	1260	6507	0	0	0	0	1787766515449
1889	1363	1219	6535	0	0	0	0	1787766516614
1870	1306	1234	6557	0	0	0	0	1787766517694
1888	1298	1279	6571	0	0	0	0	1787766518778
1881	1323	1295	6479	0	0	0	0	1787766520156
1864	1353	1276	6487	0	0	0	0	1787766521576
1885	1333	1245	6495	0	0	0	0	1787766522894
1890	1251	1216	6552	0	0	0	0	1787766524260
1875	0	1247	6527	0	0	0	0	1787766525616
1889	1268	1283	6530	0	0	0	0	1787766526989
1886	1304	1245	6407	0	0	0	0	1787766528398
1894	1343	1248	0	0	0	0	0	1787766529686
1879	0	1221	6461	0	0	0	0	1787766530983
1890	1319	1256	6511	0	0	0	0	1787766532316
1885	1283	1299	6525	0	0	0	0	1787766533672
1860	1318	1313	6528	0	0	0	0	1787766534957
1885	1353	1210	6503	0	0	0	0	1787766536310
1879	1353	0	6478	0	0	0	0	1787766537668
1895	1308	1212	6528	0	0	0	0	1787766538767
1886	1284	1252	6522	0	0	0	0	1787766539865
1881	1332	1303	6535	0	0	0	0	1787766540935
1881	1346	1284	6470	0	0	0	0	1787766542055
1861	1352	1237	6475	0	0	0	0	1787766543453
1873	1361	1203	6483	0	0	0	0	1787766544793
1888	1276	1246	6517	0	0	0	0	1787766546124
1888	1306	1269	6498	0	0	0	0	1787766547502
1892	1335	1281	0	0	0	0	0	1787766548799
1876	1368	1240	6470	0	0	0	0	1787766550086
1880	1306	1217	6485	0	0	0	0	1787766551413
1886	1306	1251	6510	0	0	0	0	1787766552823
1889	0	1283	6523	0	0	0	0	1787766554189
1893	1320	1280	6457	0	0	0	0	1787766555425
1839	1358	1241	6488	0	0	0	0	1787766556771
1870	1366	1195	6493	0	0	0	0	1787766558177
1880	1318	1222	6489	0	0	0	0	1787766559541
1883	1323	0	6515	0	0	0	0	1787766560815
1865	1299	1270	6533	0	0	0	0	1787766561893
1865	1333	1279	6407	0	0	0	0	1787766563055
1882	1354	1214	6445	0	0	0	0	1787766564129
1870	1363	1232	6463	0	0	0	0	1787766565498
1861	1270	1245	6417	0	0	0	0	1787766566916
1871	1281	1275	6482	0	0	0	0	1787766568181
1860	1326	1297	6470	0	0	0	0	1787766569565
1876	1339	1242	0	0	0	0	0	1787766570853
1877	1325	1210	6492	0	0	0	0	1787766571917
1832	1324	1236	6488	0	0	0	0	1787766573279
1870	1295	1266	6493	0	0	0	0	1787766574698
